Total_strain,Slip_strain,Time,Slip Count,Creep,Elastic,Hygroexp,Number_of_fibers,Load,Moisture,Broken
0.0,0.0,0.0,0.0,0.0,0.0,0.0,40000.0,0.0,0.0,0
0.0,0.0,5.0,0.0,0.0,0.0,0.0,40000.0,0.0,0.0,0
1.7333029000423992,0.09833459467722114,5.0,4914.0,0.0,1.6358189294540335,0.0,39966.0,1.5053946557299966,0.0,0
1.7333029000423992,0.09833459467722114,5.0,4914.0,0.0,1.6358189294540335,0.0,39966.0,1.5053946557299966,0.0,0
1.8187993511890268,0.11346909184741549,6.0,5405.0,0.07037410340205641,1.6359417294637513,0.0,39963.0,1.5053946557299966,0.0,0
1.8473509290489725,0.11907873115960715,7.0,5594.0,0.09332591706660319,1.6360236063802178,0.0,39961.0,1.5053946557299966,0.0,0
1.8659157308381298,0.12315759852449178,8.0,5721.0,0.10781185149087566,1.6360236063802185,0.0,39961.0,1.5053946557299966,0.0,0
1.879007065512149,0.12534606038355767,9.0,5792.0,0.11872060487620478,1.6360645479119105,0.0,39960.0,1.5053946557299966,0.0,0
1.8900663158947488,0.12724001962564316,10.0,5857.0,0.12788589601671926,1.6360645479119096,0.0,39960.0,1.5053946557299966,0.0,0
1.9001707640953898,0.12920424669455888,11.0,5923.0,0.1360261171484446,1.63606454791191,0.0,39960.0,1.5053946557299966,0.0,0
1.9099148113474194,0.1315375711063934,12.0,5985.0,0.14344368735272842,1.6361054914927777,0.0,39959.0,1.5053946557299966,0.0,0
1.9182260739766446,0.13302515390285,13.0,6032.0,0.1502812889217595,1.636187384802661,0.0,39957.0,1.5053946557299966,0.0,0
1.9261733206636196,0.13464428822303887,14.0,6083.0,0.15660940128854545,1.6361873848026613,0.0,39957.0,1.5053946557299966,0.0,0
1.9333598308496316,0.13595257030358482,15.0,6129.0,0.16249505658951846,1.6362283345319828,0.0,39956.0,1.5053946557299966,0.0,0
1.9398659788014287,0.13697855615450855,16.0,6165.0,0.16797521869039178,1.6362283345319832,0.0,39956.0,1.5053946557299966,0.0,0
1.946319339828558,0.13831904205353748,17.0,6210.0,0.17309579661182817,1.6362692863110977,0.0,39955.0,1.5053946557299966,0.0,0
1.9520060852498617,0.13921942787660418,18.0,6237.0,0.17788215621006478,1.6362692863110986,0.0,39955.0,1.5053946557299966,0.0,0
1.9573447888513,0.14007197556081652,19.0,6265.0,0.18236831212729093,1.6362692863110977,0.0,39955.0,1.5053946557299966,0.0,0
1.9629339040856968,0.1414516166544475,20.0,6306.0,0.18658591598413546,1.6363102401401584,0.0,39954.0,1.5053946557299966,0.0,0
1.9677277762796501,0.14228084456696055,21.0,6335.0,0.19055056026557607,1.636310240140158,0.0,39954.0,1.5053946557299966,0.0,0
1.9728088683793124,0.1436237857535917,22.0,6373.0,0.19428871117860705,1.6363102401401586,0.0,39954.0,1.5053946557299966,0.0,0
1.977238289976636,0.14452145923339044,23.0,6400.0,0.197820459296132,1.6363102401401584,0.0,39954.0,1.5053946557299966,0.0,0
1.9814525887371617,0.14539599237661252,24.0,6429.0,0.2011688387839207,1.6363511960193202,0.0,39953.0,1.5053946557299966,0.0,0
1.9854131240063408,0.14618467544839084,25.0,6453.0,0.20434069098132163,1.6363511960193198,0.0,39953.0,1.5053946557299966,0.0,0
1.988903425176215,0.14666007898015335,26.0,6467.0,0.20735558861943304,1.6363511960193198,0.0,39953.0,1.5053946557299966,0.0,0
1.9923129860318525,0.1471981682729056,27.0,6487.0,0.21022706018231832,1.6363511960193198,0.0,39953.0,1.5053946557299966,0.0,0
1.9957012621116208,0.14784617374887027,28.0,6512.0,0.212967330786122,1.63635119601932,0.0,39953.0,1.5053946557299966,0.0,0
1.9991706669303912,0.14869929945375554,29.0,6539.0,0.21559270060951224,1.6363921539487356,0.0,39952.0,1.5053946557299966,0.0,0
2.0020418856895326,0.14906034315376823,30.0,6551.0,0.21810287566864067,1.6363921539487367,0.0,39952.0,1.5053946557299966,0.0,0
2.0051445956142966,0.14975393014643237,31.0,6567.0,0.22051199860074078,1.6363921539487354,0.0,39952.0,1.5053946557299966,0.0,0
2.0083800681631767,0.15067305312804774,32.0,6588.0,0.22282834816800542,1.6363921539487367,0.0,39952.0,1.5053946557299966,0.0,0
2.011150484668266,0.15121241900424146,33.0,6604.0,0.2250593987969013,1.6363921539487356,0.0,39952.0,1.5053946557299966,0.0,0
2.013808133562652,0.15171754207307592,34.0,6619.0,0.2272119246224529,1.636392153948736,0.0,39952.0,1.5053946557299966,0.0,0
2.016188516945512,0.15201778249026845,35.0,6630.0,0.22929206758811999,1.6363921539487356,0.0,39952.0,1.5053946557299966,0.0,0
2.019220080008643,0.15303601508229478,36.0,6657.0,0.23130539805922493,1.6363921539487365,0.0,39952.0,1.5053946557299966,0.0,0
2.0213716087218794,0.15323597255533236,37.0,6662.0,0.23325696929942344,1.6363921539487363,0.0,39952.0,1.5053946557299966,0.0,0
2.0239451972122358,0.1539151637169157,38.0,6682.0,0.23515136662819652,1.6363921539487358,0.0,39952.0,1.5053946557299966,0.0,0
2.026072435269905,0.15420101655119162,39.0,6691.0,0.23699275185159038,1.6363921539487352,0.0,39952.0,1.5053946557299966,0.0,0
2.02805808822044,0.1543985441903518,40.0,6697.0,0.2387906865739999,1.6364331139285597,0.0,39951.0,1.5053946557299966,0.0,0
2.0300548423422105,0.15464883821956088,41.0,6711.0,0.24053714666656145,1.6364331139285602,0.0,39951.0,1.5053946557299966,0.0,0
2.0323993161940206,0.15528958562126335,42.0,6730.0,0.2422408731166692,1.6364331139285602,0.0,39951.0,1.5053946557299966,0.0,0
2.034384935805301,0.15561133962262025,43.0,6745.0,0.24390473872659266,1.6364331139285602,0.0,39951.0,1.5053946557299966,0.0,0
2.036560871090716,0.15616068944896663,44.0,6762.0,0.24553132418566084,1.6364331139285606,0.0,39951.0,1.5053946557299966,0.0,0
2.038920859718938,0.15692902815191279,45.0,6781.0,0.2471229741109373,1.6364331139285595,0.0,39951.0,1.5053946557299966,0.0,0
2.0408572114743553,0.15731065296008256,46.0,6795.0,0.2486878432307291,1.6364740759589462,0.0,39950.0,1.5053946557299966,0.0,0
2.042929099860603,0.15785445110249163,47.0,6812.0,0.2502159334745678,1.6364740759589467,0.0,39950.0,1.5053946557299966,0.0,0
2.044947392417038,0.15837379572338559,48.0,6828.0,0.25171488141010895,1.6364740759589462,0.0,39950.0,1.5053946557299966,0.0,0
2.046811575966743,0.15876652282701256,49.0,6839.0,0.25318633785618694,1.6364740759589465,0.0,39950.0,1.5053946557299966,0.0,0
2.048501312580793,0.15901082008009113,50.0,6847.0,0.2546317772171582,1.6364740759589465,0.0,39950.0,1.5053946557299966,0.0,0
2.0500614690643597,0.15915021137710875,51.0,6852.0,0.2560525424037076,1.6364740759589465,0.0,39950.0,1.5053946557299966,0.0,0
2.0517348478132926,0.15942627366141982,52.0,6861.0,0.25744985886832933,1.6364740759589458,0.0,39950.0,1.5053946557299966,0.0,0
2.0536391519907644,0.15995977736302242,53.0,6876.0,0.25883111352937416,1.6365150400400488,0.0,39949.0,1.5053946557299966,0.0,0
2.0553170831605088,0.16028392436334107,54.0,6883.0,0.2601848976987998,1.6365150400400486,0.0,39949.0,1.5053946557299966,0.0,0
2.057104470643192,0.16073794383328918,55.0,6896.0,0.2615182657115345,1.636515040040049,0.0,39949.0,1.5053946557299966,0.0,0
2.058762043947811,0.1610816663803581,56.0,6905.0,0.26283211646908544,1.6365150400400483,0.0,39949.0,1.5053946557299966,0.0,0
2.0603618580174032,0.16138635391073558,57.0,6917.0,0.26412724300830004,1.6365150400400492,0.0,39949.0,1.5053946557299966,0.0,0
2.062120536210643,0.16186790419627212,58.0,6932.0,0.26540437091600333,1.6365150400400488,0.0,39949.0,1.5053946557299966,0.0,0
2.0641983609431858,0.16268593355047184,59.0,6954.0,0.2666641662943461,1.636515040040048,0.0,39949.0,1.5053946557299966,0.0,0
2.0658782444885166,0.16312274146586908,60.0,6968.0,0.26790724192428,1.636515040040049,0.0,39949.0,1.5053946557299966,0.0,0
2.067647460283516,0.16366503672560848,61.0,6981.0,0.26913416245953975,1.6365150400400492,0.0,39949.0,1.5053946557299966,0.0,0
2.069353815051382,0.16416010496689998,62.0,6993.0,0.2703454489861142,1.6365150400400492,0.0,39949.0,1.5053946557299966,0.0,0
2.0709064805541364,0.1645166363588891,63.0,7005.0,0.2715415830968796,1.6365150400400488,0.0,39949.0,1.5053946557299966,0.0,0
2.0729040727265486,0.16533280106780734,64.0,7023.0,0.2727230105603736,1.6365150400400488,0.0,39949.0,1.5053946557299966,0.0,0
2.0742379599641865,0.16549955423141297,65.0,7029.0,0.27389014463440564,1.6365150400400492,0.0,39949.0,1.5053946557299966,0.0,0
2.0759352768348465,0.16604364667373878,66.0,7042.0,0.27504336906273996,1.6365150400400488,0.0,39949.0,1.5053946557299966,0.0,0
2.0773868066070524,0.16635550472204755,67.0,7048.0,0.2761830407866372,1.6365150400400492,0.0,39949.0,1.5053946557299966,0.0,0
2.0787733799180574,0.16661562642071126,68.0,7053.0,0.277309492398978,1.6365150400400492,0.0,39949.0,1.5053946557299966,0.0,0
2.080138256939633,0.16686696147558353,69.0,7061.0,0.2784230343656813,1.6365150400400488,0.0,39949.0,1.5053946557299966,0.0,0
2.0815298342167323,0.16715761608173516,70.0,7071.0,0.2795239570366293,1.6365150400400492,0.0,39949.0,1.5053946557299966,0.0,0
2.0828822125371533,0.16742141897263024,71.0,7078.0,0.2806125324661555,1.6365150400400494,0.0,39949.0,1.5053946557299966,0.0,0
2.084323799849394,0.16778652268981112,72.0,7085.0,0.2816890160612153,1.6365150400400486,0.0,39949.0,1.5053946557299966,0.0,0
2.0856296402446626,0.16802773107265936,73.0,7092.0,0.28275364807363573,1.636515040040048,0.0,39949.0,1.5053946557299966,0.0,0
2.0870730701977616,0.168418154148121,74.0,7102.0,0.2838066549512726,1.6365150400400492,0.0,39949.0,1.5053946557299966,0.0,0
2.088428230818978,0.16873171915911764,75.0,7108.0,0.28484825056149277,1.6365150400400492,0.0,39949.0,1.5053946557299966,0.0,0
2.089529670194327,0.16880277179683364,76.0,7111.0,0.2858786372991256,1.636515040040048,0.0,39949.0,1.5053946557299966,0.0,0
2.090874339634738,0.16912807144650618,77.0,7118.0,0.2868980070898642,1.6365150400400488,0.0,39949.0,1.5053946557299966,0.0,0
2.09205572833264,0.16930092493521148,78.0,7124.0,0.2879065422990611,1.636515040040049,0.0,39949.0,1.5053946557299966,0.0,0
2.0933194553539174,0.16957125305490003,79.0,7131.0,0.2889114107397346,1.6365560061720221,0.0,39948.0,1.5053946557299966,0.0,0
2.0945353932630497,0.16979971836350657,80.0,7137.0,0.28989888334026054,1.6365560061720215,0.0,39948.0,1.5053946557299966,0.0,0
2.0956767832523076,0.16996402140238606,81.0,7144.0,0.2908759702906392,1.6365560061720208,0.0,39948.0,1.5053946557299966,0.0,0
2.0968055932196648,0.1701259385231847,82.0,7149.0,0.2918428631371974,1.636556006172022,0.0,39948.0,1.5053946557299966,0.0,0
2.0980539909986526,0.1704174871262921,83.0,7156.0,0.29279971231307844,1.6365560061720206,0.0,39948.0,1.5053946557299966,0.0,0
2.099188257665932,0.1706048066010579,84.0,7162.0,0.2937466595055915,1.6365560061720221,0.0,39948.0,1.5053946557299966,0.0,0
2.100344019323088,0.17082789195495873,85.0,7171.0,0.2946909715930328,1.636596974355018,0.0,39947.0,1.5053946557299966,0.0,0
2.101386060559116,0.17094229627601296,86.0,7177.0,0.29561860850800714,1.6365969743550173,0.0,39947.0,1.5053946557299966,0.0,0
2.1024253479050903,0.17106350657743621,87.0,7180.0,0.29653668555255763,1.6365969743550184,0.0,39947.0,1.5053946557299966,0.0,0
2.103519318700436,0.17124879852721908,88.0,7185.0,0.2974453643981209,1.6365969743550182,0.0,39947.0,1.5053946557299966,0.0,0
2.104923019651718,0.1717530961433876,89.0,7199.0,0.2983447677332339,1.6365969743550173,0.0,39947.0,1.5053946557299966,0.0,0
2.105918670438709,0.17185850302538508,90.0,7201.0,0.2992350116382276,1.6365969743550175,0.0,39947.0,1.5053946557299966,0.0,0
2.106918474977068,0.1719771113873943,91.0,7208.0,0.30011620781457743,1.6365969743550184,0.0,39947.0,1.5053946557299966,0.0,0
2.1079691754151093,0.17215555509781386,92.0,7216.0,0.30098846454219913,1.636596974355018,0.0,39947.0,1.5053946557299966,0.0,0
2.1091785064022526,0.17250146347054576,93.0,7226.0,0.3018518871566108,1.636596974355018,0.0,39947.0,1.5053946557299966,0.0,0
2.1102558973728693,0.17272416325973594,94.0,7231.0,0.3027065783380373,1.6365969743550175,0.0,39947.0,1.5053946557299966,0.0,0
2.111383553039593,0.17301033328250695,95.0,7239.0,0.30355998371947956,1.6366379445891928,0.0,39946.0,1.5053946557299966,0.0,0
2.1122831136325275,0.1730722765043686,96.0,7242.0,0.3043976010905529,1.6366379445891934,0.0,39946.0,1.5053946557299966,0.0,0
2.1136519317585285,0.17361196351709896,97.0,7256.0,0.30522673220382335,1.636637944589193,0.0,39946.0,1.5053946557299966,0.0,0
2.1145418403940655,0.17368109335211693,98.0,7260.0,0.30604751100434235,1.6366379445891932,0.0,39946.0,1.5053946557299966,0.0,0
2.115407190258138,0.1737339197735285,99.0,7263.0,0.3068600344470036,1.6366379445891923,0.0,39946.0,1.5053946557299966,0.0,0
2.1164325254261733,0.17395489478339435,100.0,7269.0,0.30766439460517264,1.6366379445891932,0.0,39946.0,1.5053946557299966,0.0,0
2.1177575534615505,0.17448363668867098,101.0,7282.0,0.3084606807352734,1.636637944589193,0.0,39946.0,1.5053946557299966,0.0,0
2.1187659564418513,0.17470374031441455,102.0,7289.0,0.30924898008983087,1.6366379445891925,0.0,39946.0,1.5053946557299966,0.0,0
2.1196777725500247,0.17483515824657886,103.0,7292.0,0.31002937826583954,1.6366379445891925,0.0,39946.0,1.5053946557299966,0.0,0
2.1206741763168426,0.1750589809013147,104.0,7297.0,0.3108019593779218,1.6366379445891923,0.0,39946.0,1.5053946557299966,0.0,0
2.121564052261212,0.17518864714825721,105.0,7303.0,0.31157434734603384,1.6366789168746998,0.0,39945.0,1.5053946557299966,0.0,0
2.122575303262436,0.17544261517577725,106.0,7309.0,0.3123316303197374,1.6366789168747011,0.0,39945.0,1.5053946557299966,0.0,0
2.1237663259442017,0.17588397664655164,107.0,7318.0,0.3130812915307289,1.6366789168747007,0.0,39945.0,1.5053946557299966,0.0,0
2.1247372470750063,0.17611273902612037,108.0,7325.0,0.31382345028196496,1.6366789168747007,0.0,39945.0,1.5053946557299966,0.0,0
2.1260559251164084,0.17669667788136184,109.0,7341.0,0.31455818946812536,1.6366789168747002,0.0,39945.0,1.5053946557299966,0.0,0
2.1269819784810338,0.17689533295210347,110.0,7347.0,0.3152855877620096,1.6366789168747002,0.0,39945.0,1.5053946557299966,0.0,0
2.1279428795423496,0.17713610014376396,111.0,7353.0,0.3160057216316649,1.6366789168747002,0.0,39945.0,1.5053946557299966,0.0,0
2.1288802869717567,0.17736056309991663,112.0,7360.0,0.316718666104919,1.6366789168747,0.0,39945.0,1.5053946557299966,0.0,0
2.129857322741145,0.17763176990245844,113.0,7371.0,0.3174244950717655,1.6366789168747005,0.0,39945.0,1.5053946557299966,0.0,0
2.131039280772541,0.17811494159051275,114.0,7387.0,0.31812328141510754,1.6366789168747002,0.0,39945.0,1.5053946557299966,0.0,0
2.132151199239653,0.17853504439584586,115.0,7398.0,0.3188150970768864,1.6366789168747002,0.0,39945.0,1.5053946557299966,0.0,0
2.132914984997965,0.17861391413194552,116.0,7400.0,0.3195000130990986,1.6366789168747,0.0,39945.0,1.5053946557299966,0.0,0
2.1339356851298614,0.17895652770857662,117.0,7410.0,0.32017809965436367,1.6366789168746998,0.0,39945.0,1.5053946557299966,0.0,0
2.134885585827381,0.17923510198891682,118.0,7418.0,0.3208494260715429,1.6366789168747002,0.0,39945.0,1.5053946557299966,0.0,0
2.13571244618017,0.17940207584237522,119.0,7424.0,0.32152184179585985,1.6367198912116934,0.0,39944.0,1.5053946557299966,0.0,0
2.136514808312469,0.17954633999563807,120.0,7429.0,0.3221799397748957,1.6367198912116938,0.0,39944.0,1.5053946557299966,0.0,0
2.1372405819719176,0.17962062198121448,121.0,7433.0,0.32283143144876786,1.6367198912116945,0.0,39944.0,1.5053946557299966,0.0,0
2.137992601420432,0.17972764939383612,122.0,7435.0,0.32347642348466044,1.6367198912116938,0.0,39944.0,1.5053946557299966,0.0,0
2.1389472324310943,0.1800437175438862,123.0,7444.0,0.3241149863452728,1.636719891211694,0.0,39944.0,1.5053946557299966,0.0,0
2.1397796238964593,0.1802439087399667,124.0,7450.0,0.3247471866145572,1.636719891211694,0.0,39944.0,1.5053946557299966,0.0,0
2.1404822412730042,0.18032062373162133,125.0,7453.0,0.32537308899944745,1.6367198912116938,0.0,39944.0,1.5053946557299966,0.0,0
2.1412940250738917,0.18051273945729518,126.0,7458.0,0.3259927570746613,1.6367198912116934,0.0,39944.0,1.5053946557299966,0.0,0
2.142014739885164,0.1806199577781804,127.0,7460.0,0.3266062535650479,1.6367198912116947,0.0,39944.0,1.5053946557299966,0.0,0
2.142626899023019,0.1806247300237309,128.0,7461.0,0.3272136404573528,1.6367198912116945,0.0,39944.0,1.5053946557299966,0.0,0
2.143419504338321,0.18081599674758045,129.0,7468.0,0.32781497904880513,1.6367198912116947,0.0,39944.0,1.5053946557299966,0.0,0
2.144260056875677,0.18106119836165804,130.0,7475.0,0.3284103299720837,1.636719891211694,0.0,39944.0,1.5053946557299966,0.0,0
2.1449977878240367,0.1812095060708592,131.0,7481.0,0.3289997532112421,1.6367198912116938,0.0,39944.0,1.5053946557299966,0.0,0
2.1458334877113563,0.1814616510554328,132.0,7487.0,0.32958330811398845,1.6367198912116936,0.0,39944.0,1.5053946557299966,0.0,0
2.146572415670459,0.1816228337261908,133.0,7490.0,0.3301610534023328,1.6367198912116934,0.0,39944.0,1.5053946557299966,0.0,0
2.147182404127159,0.18166082840285872,134.0,7493.0,0.33073304718236507,1.636719891211694,0.0,39944.0,1.5053946557299966,0.0,0
2.148025120965555,0.18193724547015155,135.0,7501.0,0.331299346953468,1.636719891211694,0.0,39944.0,1.5053946557299966,0.0,0
2.1489060801480537,0.1822575419890187,136.0,7508.0,0.33186000961709966,1.6367198912116938,0.0,39944.0,1.5053946557299966,0.0,0
2.149622591738664,0.18241897171152352,137.0,7511.0,0.33241509148520554,1.6367198912116936,0.0,39944.0,1.5053946557299966,0.0,0
2.150413136805405,0.1826599599751594,138.0,7516.0,0.3329646482883105,1.636719891211694,0.0,39944.0,1.5053946557299966,0.0,0
2.1511774031180098,0.18288013939276182,139.0,7521.0,0.3335087351833126,1.636719891211694,0.0,39944.0,1.5053946557299966,0.0,0
2.151879756130589,0.18304382082764328,140.0,7527.0,0.33404740676100997,1.6367198912116936,0.0,39944.0,1.5053946557299966,0.0,0
2.152413066422956,0.18304382082764328,141.0,7527.0,0.3345807170533774,1.6367198912116938,0.0,39944.0,1.5053946557299966,0.0,0
2.153123361867019,0.1832261137844682,142.0,7532.0,0.3351087195406149,1.6367198912116947,0.0,39944.0,1.5053946557299966,0.0,0
2.1537539258519156,0.1833339301519958,143.0,7534.0,0.3356314671579843,1.6367198912116945,0.0,39944.0,1.5053946557299966,0.0,0
2.154510463666417,0.18357292282203203,144.0,7540.0,0.33614901230244987,1.6367198912116936,0.0,39944.0,1.5053946557299966,0.0,0
2.1552848204732573,0.18383488509218565,145.0,7547.0,0.3366614068391364,1.636719891211694,0.0,39944.0,1.5053946557299966,0.0,0
2.1559258047064027,0.18396857405684824,146.0,7550.0,0.3371687021076191,1.6367198912116938,0.0,39944.0,1.5053946557299966,0.0,0
2.156428051526838,0.18396857405684824,147.0,7550.0,0.33767094892805444,1.6367198912116945,0.0,39944.0,1.5053946557299966,0.0,0
2.157110317361461,0.18415359121235955,148.0,7556.0,0.3381681976071658,1.6367198912116945,0.0,39944.0,1.5053946557299966,0.0,0
2.157633203094164,0.18418417660813793,149.0,7558.0,0.3386604979440908,1.636719891211694,0.0,39944.0,1.5053946557299966,0.0,0
2.158183564023457,0.18424713624542188,150.0,7560.0,0.3391478992361003,1.6367198912116936,0.0,39944.0,1.5053946557299966,0.0,0
2.158816379193345,0.18439740036721225,151.0,7564.0,0.3396304502841976,1.6367198912116934,0.0,39944.0,1.5053946557299966,0.0,0
2.1594021138673765,0.18450538592683868,152.0,7568.0,0.34010819939860265,1.6367198912116936,0.0,39944.0,1.5053946557299966,0.0,0
2.160051272224646,0.18468154927857883,153.0,7573.0,0.3405811944041318,1.6367198912116936,0.0,39944.0,1.5053946557299966,0.0,0
2.160839341221797,0.18500133003438576,154.0,7581.0,0.34104948264547563,1.636719891211694,0.0,39944.0,1.5053946557299966,0.0,0
2.1615234597331154,0.18522182019879874,155.0,7586.0,0.3415131109923809,1.636719891211694,0.0,39944.0,1.5053946557299966,0.0,0
2.1621483209934587,0.1853876666067794,156.0,7590.0,0.341972125844744,1.6367198912116936,0.0,39944.0,1.5053946557299966,0.0,0
2.1627998473288046,0.1855847456492509,157.0,7597.0,0.34242657313761826,1.6367198912116947,0.0,39944.0,1.5053946557299966,0.0,0
2.163492233061326,0.18582720617325166,158.0,7602.0,0.34287649834613876,1.636719891211694,0.0,39944.0,1.5053946557299966,0.0,0
2.163994342393829,0.185883867361522,159.0,7606.0,0.3433219464903714,1.6367198912116945,0.0,39944.0,1.5053946557299966,0.0,0
2.1644985001147874,0.185947009432766,160.0,7608.0,0.34376296214008617,1.6367198912116936,0.0,39944.0,1.5053946557299966,0.0,0
2.1650977146668984,0.18610959670550312,161.0,7611.0,0.34419958941945994,1.6367198912116934,0.0,39944.0,1.5053946557299966,0.0,0
2.165674211603472,0.18625381104982397,162.0,7618.0,0.34463187201171275,1.6367198912116945,0.0,39944.0,1.5053946557299966,0.0,0
2.166271980769048,0.18642359906343647,163.0,7622.0,0.34505985316367643,1.6367198912116936,0.0,39944.0,1.5053946557299966,0.0,0
2.166893622105885,0.18662151787364734,164.0,7628.0,0.34548357569030236,1.636719891211694,0.0,39944.0,1.5053946557299966,0.0,0
2.167409750256543,0.18671813973550014,165.0,7631.0,0.3459030819791071,1.6367198912116945,0.0,39944.0,1.5053946557299966,0.0,0
2.1682025238777576,0.18709558134126078,166.0,7639.0,0.3463184139945616,1.6367198912116936,0.0,39944.0,1.5053946557299966,0.0,0
2.168735104519329,0.18721696269497234,167.0,7644.0,0.3467296132824214,1.6367198912116945,0.0,39944.0,1.5053946557299966,0.0,0
2.169196506968772,0.1872712574528318,168.0,7645.0,0.3471367209740049,1.636719891211694,0.0,39944.0,1.5053946557299966,0.0,0
2.169774292646099,0.1874459863137485,169.0,7649.0,0.34753977779041534,1.6367198912116934,0.0,39944.0,1.5053946557299966,0.0,0
2.1703027731515996,0.18757542056295026,170.0,7653.0,0.34793882404671417,1.6367198912116943,0.0,39944.0,1.5053946557299966,0.0,0
2.1707096416933416,0.1875872134953627,171.0,7654.0,0.3483338996560435,1.6367198912116945,0.0,39944.0,1.5053946557299966,0.0,0
2.171158626839275,0.18764505416364158,172.0,7656.0,0.3487250441336977,1.636719891211694,0.0,39944.0,1.5053946557299966,0.0,0
2.1715458793067275,0.18764505416364158,173.0,7656.0,0.3491122966011505,1.6367198912116938,0.0,39944.0,1.5053946557299966,0.0,0
2.1719292784956106,0.18764505416364158,174.0,7656.0,0.349495695790034,1.6367198912116934,0.0,39944.0,1.5053946557299966,0.0,0
2.1725947934337015,0.18793098484569426,175.0,7666.0,0.3498752800460718,1.6367198912116943,0.0,39944.0,1.5053946557299966,0.0,0
2.1730267087932407,0.18799209640788297,176.0,7668.0,0.35025955713867785,1.636760867600328,0.0,39943.0,1.5053946557299966,0.0,0
2.173566923744757,0.1881601624194489,177.0,7672.0,0.35063170607862837,1.6367608676003278,0.0,39943.0,1.5053946557299966,0.0,0
2.173935321049984,0.1881601624194489,178.0,7672.0,0.35100010338385546,1.6367608676003285,0.0,39943.0,1.5053946557299966,0.0,0
2.17448933007097,0.18834944829773595,179.0,7676.0,0.3513648265265542,1.6367608676003282,0.0,39943.0,1.5053946557299966,0.0,0
2.174930849749425,0.1884298774487503,180.0,7678.0,0.35172591705399503,1.6367608676003287,0.0,39943.0,1.5053946557299966,0.0,0
2.175359327535678,0.18850085930337981,181.0,7680.0,0.35208341298561824,1.6367608676003276,0.0,39943.0,1.5053946557299966,0.0,0
2.175713265363577,0.18850085930337981,182.0,7680.0,0.35243735081351757,1.6367608676003278,0.0,39943.0,1.5053946557299966,0.0,0
2.1760636807906306,0.18850085930337981,183.0,7680.0,0.35278776624057107,1.6367608676003287,0.0,39943.0,1.5053946557299966,0.0,0
2.1764650957266465,0.18855534602539537,184.0,7681.0,0.35313469445457146,1.6367608676003276,0.0,39943.0,1.5053946557299966,0.0,0
2.176808571503677,0.18855534602539537,185.0,7681.0,0.35347817023160205,1.6367608676003282,0.0,39943.0,1.5053946557299966,0.0,0
2.177257634753795,0.18866435153057326,186.0,7683.0,0.3538182279765419,1.636760867600328,0.0,39943.0,1.5053946557299966,0.0,0
2.1777020413695523,0.18877208438247875,187.0,7688.0,0.35415490174039393,1.6367608676003278,0.0,39943.0,1.5053946557299966,0.0,0
2.178379072206322,0.1891157917306028,188.0,7695.0,0.35448822522903944,1.6367608676003278,0.0,39943.0,1.5053946557299966,0.0,0
2.1787090787860737,0.1891157917306028,189.0,7695.0,0.3548182318087914,1.6367608676003276,0.0,39943.0,1.5053946557299966,0.0,0
2.1790393043258867,0.1891192945684731,190.0,7696.0,0.3551449545107337,1.6367608676003287,0.0,39943.0,1.5053946557299966,0.0,0
2.179714940900144,0.18947145961889622,191.0,7706.0,0.35546842603456835,1.6367608676003278,0.0,39943.0,1.5053946557299966,0.0,0
2.1800897672745463,0.1895260332756193,192.0,7707.0,0.35578867875224773,1.6367608676003282,0.0,39943.0,1.5053946557299966,0.0,0
2.180470439915276,0.18958963995710676,193.0,7709.0,0.35610574471148954,1.6367608676003282,0.0,39943.0,1.5053946557299966,0.0,0
2.180795256856116,0.1896005459702198,194.0,7712.0,0.3564196556392169,1.6367608676003278,0.0,39943.0,1.5053946557299966,0.0,0
2.1811696792454103,0.18966418105379515,195.0,7714.0,0.3567304429449355,1.636760867600328,0.0,39943.0,1.5053946557299966,0.0,0
2.1815956339698777,0.18978244099913993,196.0,7717.0,0.3570381377240578,1.6367608676003287,0.0,39943.0,1.5053946557299966,0.0,0
2.1820331032635623,0.18991527725570453,197.0,7721.0,0.3573427707611782,1.636760867600328,0.0,39943.0,1.5053946557299966,0.0,0
2.182505777216994,0.1900863494370138,198.0,7725.0,0.3576443725333001,1.6367608676003282,0.0,39943.0,1.5053946557299966,0.0,0
2.182859021810453,0.19014099335075557,199.0,7726.0,0.35794297321301816,1.6367608676003282,0.0,39943.0,1.5053946557299966,0.0,0
2.183212333896641,0.19019867597830425,200.0,7728.0,0.35823860267165747,1.6367608676003276,0.0,39943.0,1.5053946557299966,0.0,0
2.1835050217073553,0.19019867597830425,201.0,7728.0,0.35853129048237115,1.6367608676003285,0.0,39943.0,1.5053946557299966,0.0,0
2.183969568014961,0.19037851986811766,202.0,7733.0,0.3588297380280723,1.6368018460407567,0.0,39942.0,1.5053946557299966,0.0,0
2.184397856471187,0.1905198370601143,203.0,7737.0,0.35911670929230133,1.636801846040757,0.0,39942.0,1.5053946557299966,0.0,0
2.1848460056898924,0.1906839191735618,204.0,7740.0,0.3594007763975594,1.6368018460407563,0.0,39942.0,1.5053946557299966,0.0,0
2.18533407212228,0.19089075361316307,205.0,7745.0,0.35968200839034553,1.6368018460407563,0.0,39942.0,1.5053946557299966,0.0,0
2.1856196806915444,0.19089793209295572,206.0,7746.0,0.3599604384798178,1.636801846040756,0.0,39942.0,1.5053946557299966,0.0,0
2.185911948645336,0.19091454210101125,207.0,7747.0,0.3602360964255537,1.6368018460407558,0.0,39942.0,1.5053946557299966,0.0,0
2.18618486275983,0.19091454210101125,208.0,7747.0,0.3605090105400479,1.6368018460407558,0.0,39942.0,1.5053946557299966,0.0,0
2.1864550606468747,0.19091454210101125,209.0,7747.0,0.3607792084270921,1.6368018460407567,0.0,39942.0,1.5053946557299966,0.0,0
2.1868093014366106,0.1910012740623358,210.0,7750.0,0.36104671725550386,1.6368018460407554,0.0,39942.0,1.5053946557299966,0.0,0
2.187264544798713,0.1911916708180749,211.0,7754.0,0.3613115638618668,1.6368018460407565,0.0,39942.0,1.5053946557299966,0.0,0
2.1876421437957325,0.1913070588866417,212.0,7757.0,0.3615737747903197,1.6368018460407558,0.0,39942.0,1.5053946557299966,0.0,0
2.18795652066473,0.1913618342368209,213.0,7758.0,0.3618333763091379,1.6368018460407563,0.0,39942.0,1.5053946557299966,0.0,0
2.1882135387743293,0.1913618342368209,214.0,7758.0,0.3620903944187372,1.636801846040756,0.0,39942.0,1.5053946557299966,0.0,0
2.1885280264005327,0.19142696384740504,215.0,7761.0,0.36235360930919314,1.6368428265331343,0.0,39941.0,1.5053946557299966,0.0,0
2.188780033288993,0.19142696384740504,216.0,7761.0,0.3626056161976529,1.6368428265331345,0.0,39941.0,1.5053946557299966,0.0,0
2.1890294835934805,0.19142696384740504,217.0,7761.0,0.3628550665021408,1.6368428265331338,0.0,39941.0,1.5053946557299966,0.0,0
2.189389581702349,0.19154010251520187,218.0,7764.0,0.3631020259432126,1.6368428265331345,0.0,39941.0,1.5053946557299966,0.0,0
2.1896340800948875,0.19154010251520187,219.0,7764.0,0.36334652433575076,1.6368428265331345,0.0,39941.0,1.5053946557299966,0.0,0
2.1899358449194257,0.1915998036075889,220.0,7766.0,0.36358858806790234,1.6368428265331334,0.0,39941.0,1.5053946557299966,0.0,0
2.1902393984388793,0.19166370308551353,221.0,7768.0,0.36382824210943077,1.636842826533135,0.0,39941.0,1.5053946557299966,0.0,0
2.1905507924160794,0.1917378284200213,222.0,7771.0,0.36406551075212323,1.6368428265331343,0.0,39941.0,1.5053946557299966,0.0,0
2.190785699548094,0.1917378284200213,223.0,7771.0,0.36430041788413814,1.6368428265331345,0.0,39941.0,1.5053946557299966,0.0,0
2.191131502292823,0.19185106195605076,224.0,7774.0,0.3645329870928371,1.6368428265331345,0.0,39941.0,1.5053946557299966,0.0,0
2.191416617446021,0.19190592249761879,225.0,7775.0,0.3647632417044674,1.6368428265331343,0.0,39941.0,1.5053946557299966,0.0,0
2.191725642591192,0.19198698454669494,226.0,7777.0,0.36499120480056224,1.636842826533135,0.0,39941.0,1.5053946557299966,0.0,0
2.1919513370163584,0.19198698454669494,227.0,7777.0,0.3652168992257285,1.6368428265331343,0.0,39941.0,1.5053946557299966,0.0,0
2.1922516741500235,0.19206387331386593,228.0,7781.0,0.36544034759222294,1.6368428265331338,0.0,39941.0,1.5053946557299966,0.0,0
2.1925396995034423,0.1921306739762023,229.0,7783.0,0.3656615722833054,1.6368428265331343,0.0,39941.0,1.5053946557299966,0.0,0
2.192784924882833,0.19215687618279206,230.0,7784.0,0.365880595456106,1.6368428265331338,0.0,39941.0,1.5053946557299966,0.0,0
2.1930017684710017,0.19215687618279206,231.0,7784.0,0.36609743904427483,1.6368428265331345,0.0,39941.0,1.5053946557299966,0.0,0
2.1932164541872483,0.19215687618279206,232.0,7784.0,0.3663121247605215,1.6368428265331345,0.0,39941.0,1.5053946557299966,0.0,0
2.193619961915454,0.19234783457244078,233.0,7788.0,0.3665246740990786,1.6368428265331347,0.0,39941.0,1.5053946557299966,0.0,0
2.1938853191921046,0.1924027576100563,234.0,7789.0,0.36673510833811335,1.6368428265331345,0.0,39941.0,1.5053946557299966,0.0,0
2.1940936593960765,0.1924027576100563,235.0,7789.0,0.3669434485420854,1.6368428265331343,0.0,39941.0,1.5053946557299966,0.0,0
2.1944049660015073,0.1925077971935082,236.0,7793.0,0.3671497155640644,1.6368428265331345,0.0,39941.0,1.5053946557299966,0.0,0
2.194766091902673,0.19266470861073545,237.0,7798.0,0.3673539300480028,1.6368428265331345,0.0,39941.0,1.5053946557299966,0.0,0
2.194994502878685,0.1926909372037768,238.0,7799.0,0.36755611243097314,1.6368428265331343,0.0,39941.0,1.5053946557299966,0.0,0
2.1952785063117775,0.19277477012247712,239.0,7802.0,0.3677562829453654,1.6368428265331345,0.0,39941.0,1.5053946557299966,0.0,0
2.1954933692993834,0.19279145443439852,240.0,7803.0,0.3679544616210499,1.6368428265331345,0.0,39941.0,1.5053946557299966,0.0,0
2.1957707867186014,0.19287266518715895,241.0,7805.0,0.3681506682875075,1.6368428265331345,0.0,39941.0,1.5053946557299966,0.0,0
2.1960200198686923,0.19292764404882956,242.0,7806.0,0.3683449225759277,1.6368428265331345,0.0,39941.0,1.5053946557299966,0.0,0
2.1963939885365344,0.1931092913713255,243.0,7810.0,0.36853724392127396,1.6368428265331343,0.0,39941.0,1.5053946557299966,0.0,0
2.1965843961795826,0.1931092913713255,244.0,7810.0,0.36872765156432213,1.636842826533134,0.0,39941.0,1.5053946557299966,0.0,0
2.1968337904105697,0.19317017261296504,245.0,7812.0,0.3689161645536695,1.6368428265331354,0.0,39941.0,1.5053946557299966,0.0,0
2.1970204276046155,0.19317017261296504,246.0,7812.0,0.36910280174771554,1.6368428265331345,0.0,39941.0,1.5053946557299966,0.0,0
2.1972143050576847,0.1931792699971317,247.0,7813.0,0.36928758181661825,1.636842826533134,0.0,39941.0,1.5053946557299966,0.0,0
2.1973972464852904,0.1931792699971317,248.0,7813.0,0.3694705232442238,1.6368428265331343,0.0,39941.0,1.5053946557299966,0.0,0
2.1976333856138304,0.19323428803992457,249.0,7814.0,0.3696516443299712,1.6368428265331345,0.0,39941.0,1.5053946557299966,0.0,0
2.1978413464118076,0.19326292997709815,250.0,7816.0,0.3698309631907747,1.636842826533134,0.0,39941.0,1.5053946557299966,0.0,0
2.1980542474017444,0.19329829639492835,251.0,7818.0,0.37000849776288103,1.6368428265331345,0.0,39941.0,1.5053946557299966,0.0,0
2.198289188396039,0.19335746934839815,252.0,7820.0,0.3701842658037063,1.6368428265331336,0.0,39941.0,1.5053946557299966,0.0,0
2.198479913320796,0.19337417518321195,253.0,7821.0,0.3703582848936494,1.6368428265331345,0.0,39941.0,1.5053946557299966,0.0,0
2.1986784727102906,0.1934004470284709,254.0,7822.0,0.37053057243788434,1.636842826533135,0.0,39941.0,1.5053946557299966,0.0,0
2.198875320092707,0.19342672118063994,255.0,7823.0,0.37070114566813245,1.6368428265331345,0.0,39941.0,1.5053946557299966,0.0,0
2.1990441960689875,0.19342672118063994,256.0,7823.0,0.3708700216444127,1.6368428265331338,0.0,39941.0,1.5053946557299966,0.0,0
2.1992113916813505,0.19342672118063994,257.0,7823.0,0.3710372172567755,1.6368428265331352,0.0,39941.0,1.5053946557299966,0.0,0
2.1994582693582547,0.19350806688730754,258.0,7825.0,0.37120274922701224,1.636842826533134,0.0,39941.0,1.5053946557299966,0.0,0
2.199679875491447,0.19356578813716163,259.0,7827.0,0.37136663411035087,1.6368428265331345,0.0,39941.0,1.5053946557299966,0.0,0
2.199842129678225,0.19356578813716163,260.0,7827.0,0.3715288882971283,1.6368428265331345,0.0,39941.0,1.5053946557299966,0.0,0
2.2000290574501573,0.19359207619177515,261.0,7828.0,0.37168952801444766,1.6368428265331338,0.0,39941.0,1.5053946557299966,0.0,0
2.2002982686367827,0.19370224606503092,262.0,7830.0,0.37184856932781657,1.636842826533135,0.0,39941.0,1.5053946557299966,0.0,0
2.2004724490809626,0.19371896769426053,263.0,7831.0,0.3720060281427674,1.6368428265331343,0.0,39941.0,1.5053946557299966,0.0,0
2.2009232066167272,0.19401383316633133,264.0,7838.0,0.37216192020646083,1.6368428265331347,0.0,39941.0,1.5053946557299966,0.0,0
2.201077547519538,0.19401383316633133,265.0,7838.0,0.3723162611092716,1.6368428265331343,0.0,39941.0,1.5053946557299966,0.0,0
2.2012566557833315,0.1940401362530384,266.0,7839.0,0.37246906628635823,1.6368428265331345,0.0,39941.0,1.5053946557299966,0.0,0
2.2014079405161895,0.1940401362530384,267.0,7839.0,0.37262035101921603,1.636842826533134,0.0,39941.0,1.5053946557299966,0.0,0
2.2015744500308965,0.1940568663497473,268.0,7840.0,0.3727701304372143,1.636842826533135,0.0,39941.0,1.5053946557299966,0.0,0
2.201777862050764,0.1941119892877142,269.0,7841.0,0.372918419519115,1.6368428265331338,0.0,39941.0,1.5053946557299966,0.0,0
2.201996535855036,0.19418384951652085,270.0,7843.0,0.3730652330945804,1.6368428265331343,0.0,39941.0,1.5053946557299966,0.0,0
2.202141888606116,0.19418384951652085,271.0,7843.0,0.37321058584566014,1.6368428265331347,0.0,39941.0,1.5053946557299966,0.0,0
2.2022857950687222,0.19418384951652085,272.0,7843.0,0.37335449230826645,1.6368428265331347,0.0,39941.0,1.5053946557299966,0.0,0
2.202538550109894,0.1942941299923274,273.0,7845.0,0.3734969668736317,1.6368428265331347,0.0,39941.0,1.5053946557299966,0.0,0
2.202679607026016,0.1942941299923274,274.0,7845.0,0.3736380237897538,1.6368428265331345,0.0,39941.0,1.5053946557299966,0.0,0
2.202819260399086,0.1942941299923274,275.0,7845.0,0.3737776771628239,1.6368428265331343,0.0,39941.0,1.5053946557299966,0.0,0
2.203120482583571,0.19445708838099526,276.0,7849.0,0.37391594095864117,1.6368428265331347,0.0,39941.0,1.5053946557299966,0.0,0
2.203300441691523,0.1945001594435746,277.0,7851.0,0.37405282900401354,1.6368428265331345,0.0,39941.0,1.5053946557299966,0.0,0
2.203435967675652,0.1945001594435746,278.0,7851.0,0.37418835498814235,1.6368428265331343,0.0,39941.0,1.5053946557299966,0.0,0
2.2035887136419965,0.19451872793406608,279.0,7854.0,0.37432253246399544,1.636842826533135,0.0,39941.0,1.5053946557299966,0.0,0
2.203721556027664,0.19451872793406608,280.0,7854.0,0.3744553748496636,1.6368428265331345,0.0,39941.0,1.5053946557299966,0.0,0
2.203853076607707,0.19451872793406608,281.0,7854.0,0.3745868954297058,1.6368428265331345,0.0,39941.0,1.5053946557299966,0.0,0
2.2040384672868707,0.19457390668645622,282.0,7855.0,0.3747171073564797,1.6368428265331338,0.0,39941.0,1.5053946557299966,0.0,0
2.2041937218041405,0.19460024490874764,283.0,7856.0,0.3748460236514578,1.6368428265331347,0.0,39941.0,1.5053946557299966,0.0,0
2.2044639748062664,0.19474286435579932,284.0,7860.0,0.37497365720653264,1.6368428265331334,0.0,39941.0,1.5053946557299966,0.0,0
2.204761825443062,0.1949143514138201,285.0,7864.0,0.3751000207853065,1.6368428265331352,0.0,39941.0,1.5053946557299966,0.0,0
2.204886931682125,0.1949143514138201,286.0,7864.0,0.3752251270243698,1.636842826533135,0.0,39941.0,1.5053946557299966,0.0,0
2.2050107930923204,0.1949143514138201,287.0,7864.0,0.3753489884345657,1.6368428265331347,0.0,39941.0,1.5053946557299966,0.0,0
2.205214982248587,0.19499591160240934,288.0,7866.0,0.3754716174022427,1.6368428265331343,0.0,39941.0,1.5053946557299966,0.0,0
2.205336391036838,0.19499591160240934,289.0,7866.0,0.3755930261904936,1.6368428265331354,0.0,39941.0,1.5053946557299966,0.0,0
2.2055118093253867,0.19505112914106765,290.0,7867.0,0.3757132269403841,1.636842826533135,0.0,39941.0,1.5053946557299966,0.0,0
2.205803725254161,0.19522404033805976,291.0,7871.0,0.3758322316721664,1.636842826533135,0.0,39941.0,1.5053946557299966,0.0,0
2.2060031355894525,0.19530563005903487,292.0,7873.0,0.37595005228648243,1.6368428265331354,0.0,39941.0,1.5053946557299966,0.0,0
2.2061197838685245,0.19530563005903487,293.0,7873.0,0.376066700565555,1.636842826533134,0.0,39941.0,1.5053946557299966,0.0,0
2.2063457441823897,0.19541610276408825,294.0,7875.0,0.3761821881743666,1.6368428265331343,0.0,39941.0,1.5053946557299966,0.0,0
2.206570564905832,0.1955265850000712,295.0,7877.0,0.3762965266618261,1.6368428265331343,0.0,39941.0,1.5053946557299966,0.0,0
2.20668376570593,0.1955265850000712,296.0,7877.0,0.3764097274619241,1.6368428265331345,0.0,39941.0,1.5053946557299966,0.0,0
2.2068222098250807,0.1955529546862685,297.0,7878.0,0.3765218018948771,1.6368428265331345,0.0,39941.0,1.5053946557299966,0.0,0
2.206988422794041,0.19560820838184578,298.0,7879.0,0.3766327611682605,1.636842826533134,0.0,39941.0,1.5053946557299966,0.0,0
2.207100604578711,0.1956105349566475,299.0,7880.0,0.3767426163781285,1.6368428265331345,0.0,39941.0,1.5053946557299966,0.0,0
2.2072093667107078,0.1956105349566475,300.0,7880.0,0.37685137851012507,1.636842826533135,0.0,39941.0,1.5053946557299966,0.0,0
2.207369799871592,0.1956632881870747,301.0,7882.0,0.37695905844058236,1.6368428265331343,0.0,39941.0,1.5053946557299966,0.0,0
2.2074931839830274,0.19568006380148356,302.0,7883.0,0.37706566693760907,1.6368428265331343,0.0,39941.0,1.5053946557299966,0.0,0
2.207637106051182,0.19571843814508028,303.0,7885.0,0.37717121466216674,1.6368428265331345,0.0,39941.0,1.5053946557299966,0.0,0
2.2078027896065087,0.19577962419343706,304.0,7887.0,0.3772757121691367,1.636842826533135,0.0,39941.0,1.5053946557299966,0.0,0
2.2079062473457483,0.19577962419343706,305.0,7887.0,0.37737916990837617,1.636842826533135,0.0,39941.0,1.5053946557299966,0.0,0
2.208008675663134,0.19577962419343706,306.0,7887.0,0.3774815982257621,1.6368428265331345,0.0,39941.0,1.5053946557299966,0.0,0
2.2081100848015995,0.19577962419343706,307.0,7887.0,0.3775830073642273,1.6368428265331345,0.0,39941.0,1.5053946557299966,0.0,0
2.2082104849021564,0.19577962419343706,308.0,7887.0,0.37768340746478446,1.6368428265331343,0.0,39941.0,1.5053946557299966,0.0,0
2.2083098860049115,0.19577962419343706,309.0,7887.0,0.3777828085675395,1.6368428265331345,0.0,39941.0,1.5053946557299966,0.0,0
2.2084082980500694,0.19577962419343706,310.0,7887.0,0.3778812206126975,1.6368428265331343,0.0,39941.0,1.5053946557299966,0.0,0
2.2085057308789273,0.19577962419343706,311.0,7887.0,0.3779786534415553,1.6368428265331347,0.0,39941.0,1.5053946557299966,0.0,0
2.2086021942348584,0.19577962419343706,312.0,7887.0,0.3780751167974866,1.6368428265331343,0.0,39941.0,1.5053946557299966,0.0,0
2.208697697764287,0.19577962419343706,313.0,7887.0,0.3781706203269155,1.6368428265331345,0.0,39941.0,1.5053946557299966,0.0,0
2.2087922510176545,0.19577962419343706,314.0,7887.0,0.3782651735802827,1.6368428265331343,0.0,39941.0,1.5053946557299966,0.0,0
2.2089453217744155,0.19583908251748103,315.0,7889.0,0.3783587860129993,1.6368428265331352,0.0,39941.0,1.5053946557299966,0.0,0
2.2090380027478087,0.19583908251748103,316.0,7889.0,0.3784514669863926,1.636842826533135,0.0,39941.0,1.5053946557299966,0.0,0
2.2091850705936094,0.19589439158103145,317.0,7890.0,0.37854322576864297,1.636842826533135,0.0,39941.0,1.5053946557299966,0.0,0
2.209280838715069,0.19589931393542362,318.0,7891.0,0.3786340715357104,1.6368428265331343,0.0,39941.0,1.5053946557299966,0.0,0
2.209481408294589,0.19600994167840227,319.0,7893.0,0.3787240133722521,1.6368428265331338,0.0,39941.0,1.5053946557299966,0.0,0
2.2096810973243097,0.19612058380784414,320.0,7895.0,0.3788130602725308,1.636842826533134,0.0,39941.0,1.5053946557299966,0.0,0
2.2097692581930932,0.19612058380784414,321.0,7895.0,0.3789012211413145,1.636842826533134,0.0,39941.0,1.5053946557299966,0.0,0
2.209856541846546,0.19612058380784414,322.0,7895.0,0.37898850479476726,1.6368428265331345,0.0,39941.0,1.5053946557299966,0.0,0
2.2099982857243976,0.19617591251913244,323.0,7896.0,0.37907491996133,1.636842826533135,0.0,39941.0,1.5053946557299966,0.0,0
2.210150989199299,0.19624306067276956,324.0,7899.0,0.37916047528259433,1.6368428265331345,0.0,39941.0,1.5053946557299966,0.0,0
2.210242953227153,0.19625032066905115,325.0,7900.0,0.3792451793141666,1.6368428265331347,0.0,39941.0,1.5053946557299966,0.0,0
2.2103268144395085,0.19625032066905115,326.0,7900.0,0.3793290405265224,1.6368428265331345,0.0,39941.0,1.5053946557299966,0.0,0
2.2104651829710438,0.19630566242125397,327.0,7901.0,0.3794120673058551,1.6368428265331343,0.0,39941.0,1.5053946557299966,0.0,0
2.210547383620103,0.19630566242125397,328.0,7901.0,0.37949426795491376,1.6368428265331343,0.0,39941.0,1.5053946557299966,0.0,0
2.2106287663590223,0.19630566242125397,329.0,7901.0,0.37957565069383337,1.636842826533135,0.0,39941.0,1.5053946557299966,0.0,0
2.2107646881988328,0.19636101129393985,330.0,7902.0,0.37965622366095775,1.6368428265331345,0.0,39941.0,1.5053946557299966,0.0,0
2.210844459451526,0.19636101129393985,331.0,7902.0,0.3797359949136515,1.6368428265331343,0.0,39941.0,1.5053946557299966,0.0,0
2.210923436966983,0.19636101129393985,332.0,7902.0,0.3798149724291078,1.6368428265331347,0.0,39941.0,1.5053946557299966,0.0,0
2.2110016286430203,0.19636101129393985,333.0,7902.0,0.3798931641051456,1.6368428265331343,0.0,39941.0,1.5053946557299966,0.0,0
2.2110790422988726,0.19636101129393985,334.0,7902.0,0.379970577760998,1.6368428265331345,0.0,39941.0,1.5053946557299966,0.0,0
2.211211045520351,0.19641637113831928,335.0,7903.0,0.38004722113809675,1.6368428265331343,0.0,39941.0,1.5053946557299966,0.0,0
2.211286926283098,0.19641637113831928,336.0,7903.0,0.380123101900844,1.6368428265331345,0.0,39941.0,1.5053946557299966,0.0,0
2.211362052019634,0.19641637113831928,337.0,7903.0,0.38019822763737976,1.636842826533135,0.0,39941.0,1.5053946557299966,0.0,0
2.2114364302425957,0.19641637113831928,338.0,7903.0,0.3802726058603414,1.6368428265331345,0.0,39941.0,1.5053946557299966,0.0,0
2.2115100683898676,0.19641637113831928,339.0,7903.0,0.38034624400761374,1.6368428265331345,0.0,39941.0,1.5053946557299966,0.0,0
2.2115829738253274,0.19641637113831928,340.0,7903.0,0.38041914944307337,1.6368428265331354,0.0,39941.0,1.5053946557299966,0.0,0
2.2116643113514245,0.19642552865016494,341.0,7904.0,0.38049132945732494,1.6368428265331338,0.0,39941.0,1.5053946557299966,0.0,0
2.2117357731625304,0.19642552865016494,342.0,7904.0,0.3805627912684308,1.6368428265331343,0.0,39941.0,1.5053946557299966,0.0,0
2.2118065239167315,0.19642552865016494,343.0,7904.0,0.38063354202263183,1.6368428265331345,0.0,39941.0,1.5053946557299966,0.0,0
2.211987326561283,0.1965362845222851,344.0,7906.0,0.38070358879506294,1.636842826533135,0.0,39941.0,1.5053946557299966,0.0,0
2.21205667635668,0.1965362845222851,345.0,7906.0,0.3807729385904601,1.6368428265331347,0.0,39941.0,1.5053946557299966,0.0,0
2.2121253361100806,0.1965362845222851,346.0,7906.0,0.3808415983438607,1.6368428265331343,0.0,39941.0,1.5053946557299966,0.0,0
2.2123040826790663,0.19664705451383374,347.0,7908.0,0.38090957492129773,1.636842826533134,0.0,39941.0,1.5053946557299966,0.0,0
2.212443586410521,0.19671925804609983,348.0,7910.0,0.38097687512048606,1.6368428265331352,0.0,39941.0,1.5053946557299966,0.0,0
2.212536655641414,0.19674569672597747,349.0,7911.0,0.38104350567150186,1.636842826533135,0.0,39941.0,1.5053946557299966,0.0,0
2.2126026232073683,0.19674569672597747,350.0,7911.0,0.38110947323745553,1.6368428265331343,0.0,39941.0,1.5053946557299966,0.0,0
2.2126679343850717,0.19674569672597747,351.0,7911.0,0.3811747844151594,1.6368428265331347,0.0,39941.0,1.5053946557299966,0.0,0
2.212732595705698,0.19674569672597747,352.0,7911.0,0.38123944573578566,1.6368428265331345,0.0,39941.0,1.5053946557299966,0.0,0
2.2127966136354322,0.19674569672597747,353.0,7911.0,0.38130346366552004,1.6368428265331343,0.0,39941.0,1.5053946557299966,0.0,0
2.212915397067434,0.19680109921728953,354.0,7912.0,0.3813668446062094,1.6368428265331345,0.0,39941.0,1.5053946557299966,0.0,0
2.212978147357225,0.19680109921728953,355.0,7912.0,0.38142959489600087,1.6368428265331345,0.0,39941.0,1.5053946557299966,0.0,0
2.2131510874146874,0.19691191336077685,356.0,7914.0,0.3814917208099755,1.6368428265331345,0.0,39941.0,1.5053946557299966,0.0,0
2.2132125951654884,0.19691191336077685,357.0,7914.0,0.3815532285607766,1.6368428265331345,0.0,39941.0,1.5053946557299966,0.0,0
2.213381800485636,0.19702022294247068,358.0,7917.0,0.3816141242992307,1.6368428265331336,0.0,39941.0,1.5053946557299966,0.0,0
2.2135001758400294,0.19707830848113192,359.0,7919.0,0.3816744141149625,1.6368428265331345,0.0,39941.0,1.5053946557299966,0.0,0
2.213559865762071,0.19707830848113192,360.0,7919.0,0.38173410403700403,1.6368428265331345,0.0,39941.0,1.5053946557299966,0.0,0
2.213618961759464,0.19707830848113192,361.0,7919.0,0.38179320003439704,1.6368428265331345,0.0,39941.0,1.5053946557299966,0.0,0
2.213788316242079,0.1971891549813534,362.0,7921.0,0.38185170801679064,1.6368428265331343,0.0,39941.0,1.5053946557299966,0.0,0
2.2138462420603204,0.1971891549813534,363.0,7921.0,0.381909633835032,1.636842826533135,0.0,39941.0,1.5053946557299966,0.0,0
2.213903591507039,0.1971891549813534,364.0,7921.0,0.38196698328175116,1.6368428265331343,0.0,39941.0,1.5053946557299966,0.0,0
2.213960370317229,0.1971891549813534,365.0,7921.0,0.3820237620919407,1.6368428265331345,0.0,39941.0,1.5053946557299966,0.0,0
2.2140165841688173,0.1971891549813534,366.0,7921.0,0.382079975943529,1.6368428265331343,0.0,39941.0,1.5053946557299966,0.0,0
2.214072238683236,0.1971891549813534,367.0,7921.0,0.3821356304579479,1.6368428265331338,0.0,39941.0,1.5053946557299966,0.0,0
2.2141273394259837,0.1971891549813534,368.0,7921.0,0.3821907312006955,1.6368428265331347,0.0,39941.0,1.5053946557299966,0.0,0
2.2141818919071805,0.1971891549813534,369.0,7921.0,0.382245283681892,1.6368428265331345,0.0,39941.0,1.5053946557299966,0.0,0
2.214262360977179,0.19721561437641305,370.0,7922.0,0.382299293356831,1.6368428265331343,0.0,39941.0,1.5053946557299966,0.0,0
2.2143712727900677,0.19727105391960803,371.0,7923.0,0.3823527656265248,1.6368428265331338,0.0,39941.0,1.5053946557299966,0.0,0
2.2144242130017884,0.19727105391960803,372.0,7923.0,0.3824057058382453,1.6368428265331347,0.0,39941.0,1.5053946557299966,0.0,0
2.2144766264496,0.19727105391960803,373.0,7923.0,0.3824581192860574,1.6368428265331347,0.0,39941.0,1.5053946557299966,0.0,0
2.214528518374893,0.19727105391960803,374.0,7923.0,0.3825100112113501,1.6368428265331338,0.0,39941.0,1.5053946557299966,0.0,0
2.214635338975782,0.1973264989284884,375.0,7924.0,0.38256138680335877,1.6368428265331345,0.0,39941.0,1.5053946557299966,0.0,0
2.214686203372109,0.1973264989284884,376.0,7924.0,0.38261225119968556,1.6368428265331345,0.0,39941.0,1.5053946557299966,0.0,0
2.214736561659236,0.1973264989284884,377.0,7924.0,0.3826626094868127,1.6368428265331345,0.0,39941.0,1.5053946557299966,0.0,0
2.2147864188730337,0.1973264989284884,378.0,7924.0,0.38271246670061065,1.6368428265331334,0.0,39941.0,1.5053946557299966,0.0,0
2.2148357799992655,0.1973264989284884,379.0,7924.0,0.3827618278268423,1.6368428265331343,0.0,39941.0,1.5053946557299966,0.0,0
2.214884649974085,0.1973264989284884,380.0,7924.0,0.3828106978016615,1.6368428265331343,0.0,39941.0,1.5053946557299966,0.0,0
2.21493303368453,0.1973264989284884,381.0,7924.0,0.38285908151210674,1.636842826533135,0.0,39941.0,1.5053946557299966,0.0,0
2.2149809359690122,0.1973264989284884,382.0,7924.0,0.38290698379658894,1.636842826533134,0.0,39941.0,1.5053946557299966,0.0,0
2.2150283616178,0.1973264989284884,383.0,7924.0,0.38295440944537656,1.6368428265331345,0.0,39941.0,1.5053946557299966,0.0,0
2.2150753153734977,0.1973264989284884,384.0,7924.0,0.3830013632010746,1.6368428265331343,0.0,39941.0,1.5053946557299966,0.0,0
2.2151218019315206,0.1973264989284884,385.0,7924.0,0.38304784975909684,1.6368428265331345,0.0,39941.0,1.5053946557299966,0.0,0
2.2151678259405614,0.1973264989284884,386.0,7924.0,0.38309387376813836,1.6368428265331343,0.0,39941.0,1.5053946557299966,0.0,0
2.2152133920030614,0.1973264989284884,387.0,7924.0,0.3831394398306384,1.636842826533135,0.0,39941.0,1.5053946557299966,0.0,0
2.215313967887299,0.19738196214012252,388.0,7925.0,0.38318455250324124,1.6368428265331345,0.0,39941.0,1.5053946557299966,0.0,0
2.215358631681309,0.19738196214012252,389.0,7925.0,0.3832292162972516,1.636842826533135,0.0,39941.0,1.5053946557299966,0.0,0
2.215624719727221,0.19760383080420002,390.0,7929.0,0.38327343567908595,1.636842826533135,0.0,39941.0,1.5053946557299966,0.0,0
2.215723971638426,0.19765930332377094,391.0,7930.0,0.3833172150707197,1.6368428265331352,0.0,39941.0,1.5053946557299966,0.0,0
2.2158227911407478,0.19771477904668477,392.0,7931.0,0.3833605588501281,1.6368428265331345,0.0,39941.0,1.5053946557299966,0.0,0
2.2158921824832616,0.19774125788760122,393.0,7932.0,0.3834034713517255,1.6368428265331343,0.0,39941.0,1.5053946557299966,0.0,0
2.215934667998334,0.19774125788760122,394.0,7932.0,0.38344595686679783,1.6368428265331347,0.0,39941.0,1.5053946557299966,0.0,0
2.215976730775468,0.19774125788760122,395.0,7932.0,0.38348801964393187,1.6368428265331343,0.0,39941.0,1.5053946557299966,0.0,0
2.2160183750209765,0.19774125788760122,396.0,7932.0,0.38352966388944026,1.6368428265331343,0.0,39941.0,1.5053946557299966,0.0,0
2.2161150877785745,0.19779674076685674,397.0,7933.0,0.38357089376778286,1.636842826533134,0.0,39941.0,1.5053946557299966,0.0,0
2.2161559074127726,0.19779674076685674,398.0,7933.0,0.3836117134019812,1.6368428265331343,0.0,39941.0,1.5053946557299966,0.0,0
2.2161963208848245,0.19779674076685674,399.0,7933.0,0.3836521268740328,1.6368428265331345,0.0,39941.0,1.5053946557299966,0.0,0
2.2162363322361105,0.19779674076685674,400.0,7933.0,0.38369213822531906,1.636842826533135,0.0,39941.0,1.5053946557299966,0.0,0
2.216275945467799,0.19779674076685674,401.0,7933.0,0.3837317514570076,1.6368428265331345,0.0,39941.0,1.5053946557299966,0.0,0
2.216315164541247,0.19779674076685674,402.0,7933.0,0.3837709705304554,1.636842826533134,0.0,39941.0,1.5053946557299966,0.0,0
2.216353993378394,0.19779674076685674,403.0,7933.0,0.38380979936760246,1.636842826533135,0.0,39941.0,1.5053946557299966,0.0,0
2.2163924358621556,0.19779674076685674,404.0,7933.0,0.383848241851364,1.6368428265331343,0.0,39941.0,1.5053946557299966,0.0,0
2.2164425380171178,0.19780878294716142,405.0,7934.0,0.3838863018260213,1.636842826533134,0.0,39941.0,1.5053946557299966,0.0,0
2.2164802192887,0.19780878294716142,406.0,7934.0,0.3839239830976032,1.6368428265331345,0.0,39941.0,1.5053946557299966,0.0,0
2.2165175256253646,0.19780878294716142,407.0,7934.0,0.3839612894342683,1.6368428265331345,0.0,39941.0,1.5053946557299966,0.0,0
2.2165544607577776,0.19780878294716142,408.0,7934.0,0.38399822456668153,1.6368428265331345,0.0,39941.0,1.5053946557299966,0.0,0
2.2165927142825725,0.1978157902457719,409.0,7935.0,0.3840440379034094,1.6368838090776148,0.0,39940.0,1.5053946557299966,0.0,0
2.216628991112673,0.1978157902457719,410.0,7935.0,0.38408031473350984,1.6368838090776137,0.0,39940.0,1.5053946557299966,0.0,0
2.2167324021261363,0.19788333351981593,411.0,7937.0,0.38411618247292945,1.6368838090776137,0.0,39940.0,1.5053946557299966,0.0,0
2.2167679044983495,0.19788333351981593,412.0,7937.0,0.38415168484514267,1.636883809077614,0.0,39940.0,1.5053946557299966,0.0,0
2.2168030500805336,0.19788333351981593,413.0,7937.0,0.38418683042732654,1.6368838090776143,0.0,39940.0,1.5053946557299966,0.0,0
2.2168378442800396,0.19788333351981593,414.0,7937.0,0.3842216246268328,1.6368838090776137,0.0,39940.0,1.5053946557299966,0.0,0
2.216872291312359,0.19788333351981593,415.0,7937.0,0.3842560716591524,1.6368838090776132,0.0,39940.0,1.5053946557299966,0.0,0
2.216906394928951,0.19788333351981593,416.0,7937.0,0.3842901752757442,1.6368838090776134,0.0,39940.0,1.5053946557299966,0.0,0
2.2169401586855746,0.19788333351981593,417.0,7937.0,0.38432393903236783,1.6368838090776139,0.0,39940.0,1.5053946557299966,0.0,0
2.2169735860415467,0.19788333351981593,418.0,7937.0,0.3843573663883397,1.636883809077614,0.0,39940.0,1.5053946557299966,0.0,0
2.217013962844904,0.19789061596795277,419.0,7938.0,0.38439046074356,1.6368838090776139,0.0,39940.0,1.5053946557299966,0.0,0
2.217046727553954,0.19789061596795277,420.0,7938.0,0.3844232254526099,1.6368838090776137,0.0,39940.0,1.5053946557299966,0.0,0
2.217079165931736,0.19789061596795277,421.0,7938.0,0.384455663830392,1.6368838090776143,0.0,39940.0,1.5053946557299966,0.0,0
2.2171112812559737,0.19789061596795277,422.0,7938.0,0.38448777915463,1.6368838090776134,0.0,39940.0,1.5053946557299966,0.0,0
2.2171430767685365,0.19789061596795277,423.0,7938.0,0.3845195746671926,1.6368838090776143,0.0,39940.0,1.5053946557299966,0.0,0
2.2171745556763054,0.19789061596795277,424.0,7938.0,0.38455105357496167,1.6368838090776143,0.0,39940.0,1.5053946557299966,0.0,0
2.21720572115186,0.19789061596795277,425.0,7938.0,0.384582219050516,1.6368838090776139,0.0,39940.0,1.5053946557299966,0.0,0
2.217236576334072,0.19789061596795277,426.0,7938.0,0.38461307423272795,1.636883809077614,0.0,39940.0,1.5053946557299966,0.0,0
2.2172839747328816,0.19790746637217907,427.0,7939.0,0.38464362222731163,1.6368838090776139,0.0,39940.0,1.5053946557299966,0.0,0
2.217314218612911,0.19790746637217907,428.0,7939.0,0.38467386610734106,1.636883809077613,0.0,39940.0,1.5053946557299966,0.0,0
2.217344161419311,0.19790746637217907,429.0,7939.0,0.38470380891374106,1.636883809077614,0.0,39940.0,1.5053946557299966,0.0,0
2.217484841618002,0.19801850182885425,430.0,7941.0,0.3847334536557568,1.6368838090776143,0.0,39940.0,1.5053946557299966,0.0,0
2.2175141912736507,0.19801850182885425,431.0,7941.0,0.3847628033114054,1.6368838090776137,0.0,39940.0,1.5053946557299966,0.0,0
2.217560101279274,0.19803535431797462,432.0,7942.0,0.3847918608279083,1.6368838090776139,0.0,39940.0,1.5053946557299966,0.0,0
2.217588869573475,0.19803535431797462,433.0,7942.0,0.3848206291221093,1.6368838090776139,0.0,39940.0,1.5053946557299966,0.0,0
2.2176173515322413,0.19803535431797462,434.0,7942.0,0.3848491110808757,1.6368838090776132,0.0,39940.0,1.5053946557299966,0.0,0
2.217645550012855,0.19803535431797462,435.0,7942.0,0.3848773095614891,1.6368838090776134,0.0,39940.0,1.5053946557299966,0.0,0
2.217673467843385,0.19803535431797462,436.0,7942.0,0.3849052273920196,1.6368838090776134,0.0,39940.0,1.5053946557299966,0.0,0
2.2177102907113406,0.19804453720625712,437.0,7943.0,0.38493286737169247,1.6368838090776134,0.0,39940.0,1.5053946557299966,0.0,0
2.2177931822421177,0.19810006383748507,438.0,7944.0,0.3849602322712416,1.6368838090776143,0.0,39940.0,1.5053946557299966,0.0,0
2.21782027480413,0.19810006383748507,439.0,7944.0,0.38498732483325376,1.636883809077613,0.0,39940.0,1.5053946557299966,0.0,0
2.217902626610441,0.1981555927045459,440.0,7945.0,0.3850141477725039,1.636883809077614,0.0,39940.0,1.5053946557299966,0.0,0
2.217972542543784,0.19819895263411189,441.0,7947.0,0.3850407037762809,1.6368838090776139,0.0,39940.0,1.5053946557299966,0.0,0
2.21799883427221,0.19819895263411189,442.0,7947.0,0.3850669955047074,1.6368838090776137,0.0,39940.0,1.5053946557299966,0.0,0
2.2180248643585525,0.19819895263411189,443.0,7947.0,0.38509302559104935,1.6368838090776143,0.0,39940.0,1.5053946557299966,0.0,0
2.2180506354095244,0.19819895263411189,444.0,7947.0,0.38511879664202137,1.6368838090776143,0.0,39940.0,1.5053946557299966,0.0,0
2.2180761500055866,0.19819895263411189,445.0,7947.0,0.3851443112380837,1.636883809077614,0.0,39940.0,1.5053946557299966,0.0,0
2.218101410701236,0.19819895263411189,446.0,7947.0,0.38516957193373297,1.6368838090776137,0.0,39940.0,1.5053946557299966,0.0,0
2.2181819559887006,0.19825448859752026,447.0,7948.0,0.3851945812577894,1.6368838090776134,0.0,39940.0,1.5053946557299966,0.0,0
2.218206716444587,0.19825448859752026,448.0,7948.0,0.3852193417136757,1.6368838090776139,0.0,39940.0,1.5053946557299966,0.0,0
2.218231230510604,0.19825448859752026,449.0,7948.0,0.3852438557796925,1.6368838090776143,0.0,39940.0,1.5053946557299966,0.0,0
2.2183110401532593,0.1983100281105796,450.0,7949.0,0.3852681259092889,1.6368838090776132,0.0,39940.0,1.5053946557299966,0.0,0
2.2183906102928894,0.19836556962817137,451.0,7950.0,0.3852921545313272,1.6368838090776132,0.0,39940.0,1.5053946557299966,0.0,0
2.2184143998119077,0.19836556962817137,452.0,7950.0,0.38531594405034525,1.6368838090776139,0.0,39940.0,1.5053946557299966,0.0,0
2.218437952608375,0.19836556962817137,453.0,7950.0,0.3853394968468126,1.6368838090776137,0.0,39940.0,1.5053946557299966,0.0,0
2.218461271038946,0.19836556962817137,454.0,7950.0,0.3853628152773838,1.6368838090776134,0.0,39940.0,1.5053946557299966,0.0,0
2.2184843574367097,0.19836556962817137,455.0,7950.0,0.3853859016751476,1.6368838090776137,0.0,39940.0,1.5053946557299966,0.0,0
2.218507214111435,0.19836556962817137,456.0,7950.0,0.3854087583498727,1.6368838090776137,0.0,39940.0,1.5053946557299966,0.0,0
2.218529843349812,0.19836556962817137,457.0,7950.0,0.3854313875882496,1.6368838090776137,0.0,39940.0,1.5053946557299966,0.0,0
2.218552247415692,0.19836556962817137,458.0,7950.0,0.3854537916541295,1.6368838090776139,0.0,39940.0,1.5053946557299966,0.0,0
2.218574428550322,0.19836556962817137,459.0,7950.0,0.38547597278875967,1.6368838090776145,0.0,39940.0,1.5053946557299966,0.0,0
2.2185963889725784,0.19836556962817137,460.0,7950.0,0.3854979332110159,1.6368838090776143,0.0,39940.0,1.5053946557299966,0.0,0
2.218618130879194,0.19836556962817137,461.0,7950.0,0.3855196751176317,1.6368838090776132,0.0,39940.0,1.5053946557299966,0.0,0
2.21865651723613,0.19838243041931408,462.0,7951.0,0.3855412006834248,1.6368838090776139,0.0,39940.0,1.5053946557299966,0.0,0
2.2186778286142257,0.19838243041931408,463.0,7951.0,0.3855625120615208,1.636883809077613,0.0,39940.0,1.5053946557299966,0.0,0
2.2186989279362788,0.19838243041931408,464.0,7951.0,0.38558361138357394,1.6368838090776137,0.0,39940.0,1.5053946557299966,0.0,0
2.21871981731269,0.19838243041931408,465.0,7951.0,0.38560450075998487,1.6368838090776139,0.0,39940.0,1.5053946557299966,0.0,0
2.218740498832822,0.19838243041931408,466.0,7951.0,0.3856251822801172,1.6368838090776137,0.0,39940.0,1.5053946557299966,0.0,0
2.2187609745652144,0.19838243041931408,467.0,7951.0,0.3856456580125093,1.6368838090776139,0.0,39940.0,1.5053946557299966,0.0,0
2.218781246557791,0.19838243041931408,468.0,7951.0,0.3856659300050857,1.6368838090776139,0.0,39940.0,1.5053946557299966,0.0,0
2.2188013168380696,0.19838243041931408,469.0,7951.0,0.385686000285365,1.6368838090776132,0.0,39940.0,1.5053946557299966,0.0,0
2.2188211874133703,0.19838243041931408,470.0,7951.0,0.3857058708606655,1.6368838090776132,0.0,39940.0,1.5053946557299966,0.0,0
2.2188964143714216,0.198437984519721,471.0,7952.0,0.3857255437183092,1.6368838090776139,0.0,39940.0,1.5053946557299966,0.0,0
2.218915891478934,0.198437984519721,472.0,7952.0,0.38574502082582185,1.6368838090776139,0.0,39940.0,1.5053946557299966,0.0,0
2.2189907312568513,0.19849354099232686,473.0,7953.0,0.3857643041311333,1.6368838090776139,0.0,39940.0,1.5053946557299966,0.0,0
2.219009822688492,0.19849354099232686,474.0,7953.0,0.3857833955627739,1.6368838090776143,0.0,39940.0,1.5053946557299966,0.0,0
2.219028724155786,0.19849354099232686,475.0,7953.0,0.38580229703006824,1.6368838090776134,0.0,39940.0,1.5053946557299966,0.0,0
2.219047437549047,0.19849354099232686,476.0,7953.0,0.38582101042332906,1.6368838090776137,0.0,39940.0,1.5053946557299966,0.0,0
2.219065964739765,0.19849354099232686,477.0,7953.0,0.3858395376140471,1.6368838090776143,0.0,39940.0,1.5053946557299966,0.0,0
2.2190843075807978,0.19849354099232686,478.0,7953.0,0.38585788045508035,1.6368838090776137,0.0,39940.0,1.5053946557299966,0.0,0
2.2191580284772163,0.1985491015629866,479.0,7954.0,0.3858760407808389,1.6368838090776132,0.0,39940.0,1.5053946557299966,0.0,0
2.2191760081038487,0.1985491015629866,480.0,7954.0,0.38589402040747106,1.6368838090776139,0.0,39940.0,1.5053946557299966,0.0,0
2.2191938088294236,0.1985491015629866,481.0,7954.0,0.38591182113304606,1.636883809077614,0.0,39940.0,1.5053946557299966,0.0,0
2.2192114324341112,0.1985491015629866,482.0,7954.0,0.3859294447377333,1.6368838090776139,0.0,39940.0,1.5053946557299966,0.0,0
2.21922888068036,0.1985491015629866,483.0,7954.0,0.38594689298398244,1.6368838090776139,0.0,39940.0,1.5053946557299966,0.0,0
2.219246155313078,0.1985491015629866,484.0,7954.0,0.3859641676167007,1.6368838090776139,0.0,39940.0,1.5053946557299966,0.0,0
2.2192632580598035,0.1985491015629866,485.0,7954.0,0.3859812703634262,1.6368838090776132,0.0,39940.0,1.5053946557299966,0.0,0
2.2193357558755564,0.19860466680766206,486.0,7955.0,0.3859982029345033,1.6368838090776139,0.0,39940.0,1.5053946557299966,0.0,0
2.219352519964306,0.19860466680766206,487.0,7955.0,0.3860149670232532,1.6368838090776132,0.0,39940.0,1.5053946557299966,0.0,0
2.2193691172471977,0.19860466680766206,488.0,7955.0,0.3860315643061442,1.6368838090776139,0.0,39940.0,1.5053946557299966,0.0,0
2.219385549384012,0.19860466680766206,489.0,7955.0,0.386047996442959,1.6368838090776139,0.0,39940.0,1.5053946557299966,0.0,0
2.219401818018015,0.19860466680766206,490.0,7955.0,0.3860642650769621,1.6368838090776128,0.0,39940.0,1.5053946557299966,0.0,0
2.219417924776117,0.19860466680766206,491.0,7955.0,0.3860803718350641,1.6368838090776139,0.0,39940.0,1.5053946557299966,0.0,0
2.219433871269038,0.19860466680766206,492.0,7955.0,0.3860963183279845,1.6368838090776137,0.0,39940.0,1.5053946557299966,0.0,0
2.2194496590914663,0.19860466680766206,493.0,7955.0,0.38611210615041336,1.6368838090776132,0.0,39940.0,1.5053946557299966,0.0,0
2.219465289822224,0.19860466680766206,494.0,7955.0,0.38612773688117086,1.6368838090776139,0.0,39940.0,1.5053946557299966,0.0,0
2.2194807650244184,0.19860466680766206,495.0,7955.0,0.3861432120833655,1.6368838090776137,0.0,39940.0,1.5053946557299966,0.0,0
2.219496086245604,0.19860466680766206,496.0,7955.0,0.3861585333045506,1.6368838090776139,0.0,39940.0,1.5053946557299966,0.0,0
2.219511255017933,0.19860466680766206,497.0,7955.0,0.3861737020768797,1.6368838090776145,0.0,39940.0,1.5053946557299966,0.0,0
2.219526272858312,0.19860466680766206,498.0,7955.0,0.3861887199172591,1.6368838090776139,0.0,39940.0,1.5053946557299966,0.0,0
2.2195411412685537,0.19860466680766206,499.0,7955.0,0.38620358832750074,1.6368838090776139,0.0,39940.0,1.5053946557299966,0.0,0
2.2195558617355244,0.19860466680766206,500.0,7955.0,0.3862183087944713,1.636883809077614,0.0,39940.0,1.5053946557299966,0.0,0
2.219681581008256,0.198715812084623,501.0,7957.0,0.3862328827902422,1.6368838090776143,0.0,39940.0,1.5053946557299966,0.0,0
2.2196960099902503,0.198715812084623,502.0,7957.0,0.3862473117722363,1.6368838090776143,0.0,39940.0,1.5053946557299966,0.0,0
2.219710295401388,0.198715812084623,503.0,7957.0,0.38626159718337394,1.6368838090776137,0.0,39940.0,1.5053946557299966,0.0,0
2.2197244386702315,0.198715812084623,504.0,7957.0,0.38627574045221735,1.6368838090776139,0.0,39940.0,1.5053946557299966,0.0,0
2.219738441211127,0.198715812084623,505.0,7957.0,0.38628974299311325,1.6368838090776132,0.0,39940.0,1.5053946557299966,0.0,0
2.219752304424349,0.198715812084623,506.0,7957.0,0.3863036062063351,1.6368838090776137,0.0,39940.0,1.5053946557299966,0.0,0
2.2197660296962365,0.198715812084623,507.0,7957.0,0.38631733147822234,1.6368838090776143,0.0,39940.0,1.5053946557299966,0.0,0
2.2197796183993335,0.198715812084623,508.0,7957.0,0.38633092018131976,1.6368838090776132,0.0,39940.0,1.5053946557299966,0.0,0
2.219793071892529,0.198715812084623,509.0,7957.0,0.38634437367451474,1.6368838090776139,0.0,39940.0,1.5053946557299966,0.0,0
2.2198063915211863,0.198715812084623,510.0,7957.0,0.3863576933031727,1.6368838090776132,0.0,39940.0,1.5053946557299966,0.0,0
2.219819578617286,0.198715812084623,511.0,7957.0,0.386370880399272,1.636883809077613,0.0,39940.0,1.5053946557299966,0.0,0
2.2198326344995514,0.198715812084623,512.0,7957.0,0.38638393628153755,1.6368838090776139,0.0,39940.0,1.5053946557299966,0.0,0
2.2198455604735865,0.198715812084623,513.0,7957.0,0.3863968622555721,1.636883809077614,0.0,39940.0,1.5053946557299966,0.0,0
2.2198583578320012,0.198715812084623,514.0,7957.0,0.38640965961398716,1.6368838090776143,0.0,39940.0,1.5053946557299966,0.0,0
2.219871027854546,0.198715812084623,515.0,7957.0,0.3864223296365321,1.6368838090776139,0.0,39940.0,1.5053946557299966,0.0,0
2.219883571808237,0.198715812084623,516.0,7957.0,0.3864348735902229,1.6368838090776137,0.0,39940.0,1.5053946557299966,0.0,0
2.219895990947481,0.198715812084623,517.0,7957.0,0.3864472927294674,1.6368838090776139,0.0,39940.0,1.5053946557299966,0.0,0
2.2199082865142064,0.198715812084623,518.0,7957.0,0.3864595882961925,1.6368838090776139,0.0,39940.0,1.5053946557299966,0.0,0
2.219920459737981,0.198715812084623,519.0,7957.0,0.386471761519967,1.6368838090776139,0.0,39940.0,1.5053946557299966,0.0,0
2.2199325118361393,0.198715812084623,520.0,7957.0,0.3864838136181253,1.6368838090776137,0.0,39940.0,1.5053946557299966,0.0,0
2.2200265547536033,0.19879792282432351,521.0,7959.0,0.3864957457958889,1.6368838090776137,0.0,39940.0,1.5053946557299966,0.0,0
2.22009395252696,0.19885350714708197,522.0,7960.0,0.38650755924648683,1.6368838090776137,0.0,39940.0,1.5053946557299966,0.0,0
2.220105648431749,0.19885350714708197,523.0,7960.0,0.38651925515127583,1.636883809077614,0.0,39940.0,1.5053946557299966,0.0,0
2.2201231745953462,0.19885945378209824,524.0,7961.0,0.38653083467985694,1.6368838090776132,0.0,39940.0,1.5053946557299966,0.0,0
2.2201346389056833,0.19885945378209824,525.0,7961.0,0.38654229899019416,1.6368838090776137,0.0,39940.0,1.5053946557299966,0.0,0
2.220145989144218,0.19885945378209824,526.0,7961.0,0.38655364922872865,1.6368838090776137,0.0,39940.0,1.5053946557299966,0.0,0
2.2201572264459846,0.19885945378209824,527.0,7961.0,0.3865648865304951,1.6368838090776139,0.0,39940.0,1.5053946557299966,0.0,0
2.220168351934723,0.19885945378209824,528.0,7961.0,0.3865760120192334,1.6368838090776143,0.0,39940.0,1.5053946557299966,0.0,0
2.220179366722992,0.19885945378209824,529.0,7961.0,0.38658702680750273,1.6368838090776132,0.0,39940.0,1.5053946557299966,0.0,0
2.2201902719122812,0.19885945378209824,530.0,7961.0,0.38659793199679165,1.6368838090776137,0.0,39940.0,1.5053946557299966,0.0,0
2.220201068593118,0.19885945378209824,531.0,7961.0,0.38660872867762897,1.6368838090776137,0.0,39940.0,1.5053946557299966,0.0,0
2.2202117578451817,0.19885945378209824,532.0,7961.0,0.3866194179296924,1.6368838090776139,0.0,39940.0,1.5053946557299966,0.0,0
2.220222340737405,0.19885945378209824,533.0,7961.0,0.3866300008219162,1.6368838090776132,0.0,39940.0,1.5053946557299966,0.0,0
2.2202328183280886,0.19885945378209824,534.0,7961.0,0.38664047841259913,1.6368838090776139,0.0,39940.0,1.5053946557299966,0.0,0
2.2202431916649985,0.19885945378209824,535.0,7961.0,0.3866508517495093,1.6368838090776139,0.0,39940.0,1.5053946557299966,0.0,0
2.2202534617854783,0.19885945378209824,536.0,7961.0,0.3866611218699892,1.6368838090776132,0.0,39940.0,1.5053946557299966,0.0,0
2.2202636297165492,0.19885945378209824,537.0,7961.0,0.38667128980106025,1.6368838090776137,0.0,39940.0,1.5053946557299966,0.0,0
2.2202736964750134,0.19885945378209824,538.0,7961.0,0.38668135655952407,1.6368838090776134,0.0,39940.0,1.5053946557299966,0.0,0
2.220283663067554,0.19885945378209824,539.0,7961.0,0.38669132315206517,1.6368838090776128,0.0,39940.0,1.5053946557299966,0.0,0
2.2202935304908404,0.19885945378209824,540.0,7961.0,0.3867011905753513,1.6368838090776139,0.0,39940.0,1.5053946557299966,0.0,0
2.220303299731623,0.19885945378209824,541.0,7961.0,0.3867109598161336,1.6368838090776137,0.0,39940.0,1.5053946557299966,0.0,0
2.2203129717668335,0.19885945378209824,542.0,7961.0,0.38672063185134387,1.636883809077614,0.0,39940.0,1.5053946557299966,0.0,0
2.2203225475636836,0.19885945378209824,543.0,7961.0,0.3867302076481944,1.6368838090776132,0.0,39940.0,1.5053946557299966,0.0,0
2.220332028079762,0.19885945378209824,544.0,7961.0,0.38673968816427284,1.6368838090776137,0.0,39940.0,1.5053946557299966,0.0,0
2.2203414142631286,0.19885945378209824,545.0,7961.0,0.3867490743476388,1.636883809077614,0.0,39940.0,1.5053946557299966,0.0,0
2.2203507070524084,0.19885945378209824,546.0,7961.0,0.3867583671369189,1.6368838090776143,0.0,39940.0,1.5053946557299966,0.0,0
2.2203599073768885,0.19885945378209824,547.0,7961.0,0.3867675674613992,1.6368838090776137,0.0,39940.0,1.5053946557299966,0.0,0
2.22036901615661,0.19885945378209824,548.0,7961.0,0.38677667624112066,1.6368838090776139,0.0,39940.0,1.5053946557299966,0.0,0
2.220378034302458,0.19885945378209824,549.0,7961.0,0.3867856943869687,1.6368838090776137,0.0,39940.0,1.5053946557299966,0.0,0
2.2203869627162547,0.19885945378209824,550.0,7961.0,0.38679462280076543,1.6368838090776137,0.0,39940.0,1.5053946557299966,0.0,0
2.220395802290849,0.19885945378209824,551.0,7961.0,0.38680346237536,1.636883809077614,0.0,39940.0,1.5053946557299966,0.0,0
2.2204045539102055,0.19885945378209824,552.0,7961.0,0.3868122139947167,1.6368838090776132,0.0,39940.0,1.5053946557299966,0.0,0
2.2204132184494947,0.19885945378209824,553.0,7961.0,0.38682087853400543,1.636883809077613,0.0,39940.0,1.5053946557299966,0.0,0
2.220421796775177,0.19885945378209824,554.0,7961.0,0.38682945685968756,1.636883809077614,0.0,39940.0,1.5053946557299966,0.0,0
2.2204302897450914,0.19885945378209824,555.0,7961.0,0.3868379498296021,1.636883809077614,0.0,39940.0,1.5053946557299966,0.0,0
2.220438698208543,0.19885945378209824,556.0,7961.0,0.3868463582930538,1.6368838090776137,0.0,39940.0,1.5053946557299966,0.0,0
2.220447023006385,0.19885945378209824,557.0,7961.0,0.3868546830908958,1.6368838090776132,0.0,39940.0,1.5053946557299966,0.0,0
2.220455264971104,0.19885945378209824,558.0,7961.0,0.38686292505561487,1.6368838090776137,0.0,39940.0,1.5053946557299966,0.0,0
2.220463424926904,0.19885945378209824,559.0,7961.0,0.38687108501141443,1.6368838090776143,0.0,39940.0,1.5053946557299966,0.0,0
2.220471503689786,0.19885945378209824,560.0,7961.0,0.38687916377429704,1.6368838090776139,0.0,39940.0,1.5053946557299966,0.0,0
2.2204795020676347,0.19885945378209824,561.0,7961.0,0.38688716215214536,1.636883809077614,0.0,39940.0,1.5053946557299966,0.0,0
2.2204874208602936,0.19885945378209824,562.0,7961.0,0.38689508094480424,1.6368838090776134,0.0,39940.0,1.5053946557299966,0.0,0
2.220495260859649,0.19885945378209824,563.0,7961.0,0.38690292094415946,1.6368838090776148,0.0,39940.0,1.5053946557299966,0.0,0
2.220503022849707,0.19885945378209824,564.0,7961.0,0.3869106829342176,1.6368838090776139,0.0,39940.0,1.5053946557299966,0.0,0
2.2205107076066732,0.19885945378209824,565.0,7961.0,0.38691836769118393,1.6368838090776143,0.0,39940.0,1.5053946557299966,0.0,0
2.2205183158990303,0.19885945378209824,566.0,7961.0,0.3869259759835407,1.6368838090776143,0.0,39940.0,1.5053946557299966,0.0,0
2.2205814448813137,0.19891505017579925,567.0,7962.0,0.38693350857212333,1.6368838090776137,0.0,39940.0,1.5053946557299966,0.0,0
2.2205889025193875,0.19891505017579925,568.0,7962.0,0.3869409662101974,1.6368838090776137,0.0,39940.0,1.5053946557299966,0.0,0
2.220596285952723,0.19891505017579925,569.0,7962.0,0.38694834964353264,1.6368838090776139,0.0,39940.0,1.5053946557299966,0.0,0
2.220659194311434,0.1989706485675643,570.0,7963.0,0.3869556596104786,1.636883809077614,0.0,39940.0,1.5053946557299966,0.0,0
2.2206664315429934,0.1989706485675643,571.0,7963.0,0.38696289684203783,1.6368838090776139,0.0,39940.0,1.5053946557299966,0.0,0
2.220673596762895,0.1989706485675643,572.0,7963.0,0.38697006206194,1.6368838090776132,0.0,39940.0,1.5053946557299966,0.0,0
2.220680690687668,0.1989706485675643,573.0,7963.0,0.38697715598671273,1.6368838090776134,0.0,39940.0,1.5053946557299966,0.0,0
2.2206877140267096,0.1989706485675643,574.0,7963.0,0.38698417932575435,1.6368838090776139,0.0,39940.0,1.5053946557299966,0.0,0
2.2206946674823604,0.1989706485675643,575.0,7963.0,0.386991132781405,1.6368838090776143,0.0,39940.0,1.5053946557299966,0.0,0
2.220701551749971,0.1989706485675643,576.0,7963.0,0.3869980170490159,1.6368838090776137,0.0,39940.0,1.5053946557299966,0.0,0
2.220708367517975,0.1989706485675643,577.0,7963.0,0.3870048328170195,1.6368838090776139,0.0,39940.0,1.5053946557299966,0.0,0
2.2207151154679536,0.1989706485675643,578.0,7963.0,0.3870115807669981,1.636883809077614,0.0,39940.0,1.5053946557299966,0.0,0
2.220721796274708,0.1989706485675643,579.0,7963.0,0.38701826157375274,1.6368838090776143,0.0,39940.0,1.5053946557299966,0.0,0
2.2207284106063248,0.1989706485675643,580.0,7963.0,0.38702487590536927,1.6368838090776137,0.0,39940.0,1.5053946557299966,0.0,0
2.2207349591242425,0.1989706485675643,581.0,7963.0,0.3870314244232868,1.6368838090776139,0.0,39940.0,1.5053946557299966,0.0,0
2.220741442483318,0.1989706485675643,582.0,7963.0,0.3870379077823622,1.636883809077614,0.0,39940.0,1.5053946557299966,0.0,0
2.220747861331892,0.1989706485675643,583.0,7963.0,0.3870443266309368,1.6368838090776137,0.0,39940.0,1.5053946557299966,0.0,0
2.2207542163118563,0.1989706485675643,584.0,7963.0,0.3870506816109009,1.6368838090776139,0.0,39940.0,1.5053946557299966,0.0,0
2.220760508058713,0.1989706485675643,585.0,7963.0,0.38705697335775807,1.6368838090776137,0.0,39940.0,1.5053946557299966,0.0,0
2.220766737201643,0.1989706485675643,586.0,7963.0,0.38706320250068765,1.6368838090776139,0.0,39940.0,1.5053946557299966,0.0,0
2.220772904363565,0.1989706485675643,587.0,7963.0,0.38706936966260974,1.6368838090776134,0.0,39940.0,1.5053946557299966,0.0,0
2.2207790101612006,0.1989706485675643,588.0,7963.0,0.387075475460245,1.6368838090776132,0.0,39940.0,1.5053946557299966,0.0,0
2.2207850552051345,0.1989706485675643,589.0,7963.0,0.38708152050417893,1.6368838090776137,0.0,39940.0,1.5053946557299966,0.0,0
2.220791040099876,0.1989706485675643,590.0,7963.0,0.3870875053989208,1.6368838090776132,0.0,39940.0,1.5053946557299966,0.0,0
2.22079696544392,0.1989706485675643,591.0,7963.0,0.3870934307429649,1.6368838090776137,0.0,39940.0,1.5053946557299966,0.0,0
2.220802831829806,0.1989706485675643,592.0,7963.0,0.3870992971288507,1.6368838090776139,0.0,39940.0,1.5053946557299966,0.0,0
2.220808639844177,0.1989706485675643,593.0,7963.0,0.38710510514322166,1.6368838090776134,0.0,39940.0,1.5053946557299966,0.0,0
2.220814390067839,0.1989706485675643,594.0,7963.0,0.38711085536688383,1.6368838090776139,0.0,39940.0,1.5053946557299966,0.0,0
2.22082008307582,0.1989706485675643,595.0,7963.0,0.38711654837486464,1.636883809077613,0.0,39940.0,1.5053946557299966,0.0,0
2.2208257194374252,0.1989706485675643,596.0,7963.0,0.38712218473646975,1.6368838090776143,0.0,39940.0,1.5053946557299966,0.0,0
2.220831299716295,0.1989706485675643,597.0,7963.0,0.3871277650153397,1.6368838090776137,0.0,39940.0,1.5053946557299966,0.0,0
2.220836824470463,0.1989706485675643,598.0,7963.0,0.3871332897695072,1.6368838090776139,0.0,39940.0,1.5053946557299966,0.0,0
2.220842294252407,0.1989706485675643,599.0,7963.0,0.38713875955145216,1.6368838090776132,0.0,39940.0,1.5053946557299966,0.0,0
2.2208477096091124,0.1989706485675643,600.0,7963.0,0.3871441749081574,1.6368838090776132,0.0,39940.0,1.5053946557299966,0.0,0
2.220853071082119,0.1989706485675643,601.0,7963.0,0.38714953638116334,1.6368838090776137,0.0,39940.0,1.5053946557299966,0.0,0
2.2208583792075767,0.1989706485675643,602.0,7963.0,0.3871548445066213,1.6368838090776137,0.0,39940.0,1.5053946557299966,0.0,0
2.220863634516304,0.1989706485675643,603.0,7963.0,0.38716009981534866,1.6368838090776139,0.0,39940.0,1.5053946557299966,0.0,0
2.220868837533836,0.1989706485675643,604.0,7963.0,0.3871653028328803,1.6368838090776137,0.0,39940.0,1.5053946557299966,0.0,0
2.2208739887804776,0.1989706485675643,605.0,7963.0,0.3871704540795224,1.6368838090776139,0.0,39940.0,1.5053946557299966,0.0,0
2.2208790887713596,0.1989706485675643,606.0,7963.0,0.38717555407040427,1.6368838090776139,0.0,39940.0,1.5053946557299966,0.0,0
2.220884138016484,0.1989706485675643,607.0,7963.0,0.3871806033155286,1.6368838090776139,0.0,39940.0,1.5053946557299966,0.0,0
2.22088913702078,0.1989706485675643,608.0,7963.0,0.38718560231982496,1.6368838090776134,0.0,39940.0,1.5053946557299966,0.0,0
2.2208940862841526,0.1989706485675643,609.0,7963.0,0.38719055158319726,1.6368838090776143,0.0,39940.0,1.5053946557299966,0.0,0
2.220898986301531,0.1989706485675643,610.0,7963.0,0.3871954516005761,1.6368838090776143,0.0,39940.0,1.5053946557299966,0.0,0
2.2209038375629224,0.1989706485675643,611.0,7963.0,0.3872003028619675,1.6368838090776132,0.0,39940.0,1.5053946557299966,0.0,0
2.2209086405534566,0.1989706485675643,612.0,7963.0,0.38720510585250145,1.6368838090776132,0.0,39940.0,1.5053946557299966,0.0,0
2.220913395753436,0.1989706485675643,613.0,7963.0,0.3872098610524811,1.6368838090776137,0.0,39940.0,1.5053946557299966,0.0,0
2.220918103638386,0.1989706485675643,614.0,7963.0,0.3872145689374305,1.6368838090776139,0.0,39940.0,1.5053946557299966,0.0,0
2.220922764679097,0.1989706485675643,615.0,7963.0,0.38721922997814207,1.6368838090776137,0.0,39940.0,1.5053946557299966,0.0,0
2.2209273793416786,0.1989706485675643,616.0,7963.0,0.38722384464072346,1.6368838090776139,0.0,39940.0,1.5053946557299966,0.0,0
2.2209319480876,0.1989706485675643,617.0,7963.0,0.38722841338664493,1.6368838090776139,0.0,39940.0,1.5053946557299966,0.0,0
2.22093647137374,0.1989706485675643,618.0,7963.0,0.38723293667278486,1.6368838090776139,0.0,39940.0,1.5053946557299966,0.0,0
2.2209409496524315,0.1989706485675643,619.0,7963.0,0.38723741495147584,1.6368838090776143,0.0,39940.0,1.5053946557299966,0.0,0
2.2209453833715047,0.1989706485675643,620.0,7963.0,0.3872418486705494,1.6368838090776134,0.0,39940.0,1.5053946557299966,0.0,0
2.2209497729743366,0.1989706485675643,621.0,7963.0,0.3872462382733809,1.636883809077614,0.0,39940.0,1.5053946557299966,0.0,0
2.22095411889989,0.1989706485675643,622.0,7963.0,0.3872505841989347,1.6368838090776139,0.0,39940.0,1.5053946557299966,0.0,0
2.2209584215827616,0.1989706485675643,623.0,7963.0,0.38725488688180637,1.6368838090776139,0.0,39940.0,1.5053946557299966,0.0,0
2.2209626814532237,0.1989706485675643,624.0,7963.0,0.3872591467522684,1.6368838090776139,0.0,39940.0,1.5053946557299966,0.0,0
2.220966898937266,0.1989706485675643,625.0,7963.0,0.38726336423631114,1.6368838090776139,0.0,39940.0,1.5053946557299966,0.0,0
2.2209710744566418,0.1989706485675643,626.0,7963.0,0.38726753975568634,1.6368838090776137,0.0,39940.0,1.5053946557299966,0.0,0
2.220975208428905,0.1989706485675643,627.0,7963.0,0.38727167372794974,1.6368838090776139,0.0,39940.0,1.5053946557299966,0.0,0
2.220979301267457,0.1989706485675643,628.0,7963.0,0.38727576656650164,1.6368838090776132,0.0,39940.0,1.5053946557299966,0.0,0
2.221051028911268,0.19903832409724723,629.0,7965.0,0.38727981868062966,1.6368838090776143,0.0,39940.0,1.5053946557299966,0.0,0
2.2210550407061866,0.19903832409724723,630.0,7965.0,0.3872838304755485,1.6368838090776134,0.0,39940.0,1.5053946557299966,0.0,0
2.221059012583079,0.19903832409724723,631.0,7965.0,0.3872878023524406,1.6368838090776139,0.0,39940.0,1.5053946557299966,0.0,0
2.2210629449391357,0.19903832409724723,632.0,7965.0,0.38729173470849754,1.6368838090776134,0.0,39940.0,1.5053946557299966,0.0,0
2.2210668381675966,0.19903832409724723,633.0,7965.0,0.38729562793695815,1.6368838090776143,0.0,39940.0,1.5053946557299966,0.0,0
2.2210706926577863,0.19903832409724723,634.0,7965.0,0.3872994824271479,1.636883809077614,0.0,39940.0,1.5053946557299966,0.0,0
2.221074508795158,0.19903832409724723,635.0,7965.0,0.38730329856451967,1.6368838090776143,0.0,39940.0,1.5053946557299966,0.0,0
2.221078286961329,0.19903832409724723,636.0,7965.0,0.3873070767306903,1.6368838090776143,0.0,39940.0,1.5053946557299966,0.0,0
2.2210820275341177,0.19903832409724723,637.0,7965.0,0.3873108173034792,1.6368838090776145,0.0,39940.0,1.5053946557299966,0.0,0
2.2210857308875855,0.19903832409724723,638.0,7965.0,0.3873145206569471,1.6368838090776148,0.0,39940.0,1.5053946557299966,0.0,0
2.22108939739207,0.19903832409724723,639.0,7965.0,0.38731818716143207,1.6368838090776128,0.0,39940.0,1.5053946557299966,0.0,0
2.2210930274142267,0.19903832409724723,640.0,7965.0,0.38732181718358816,1.6368838090776139,0.0,39940.0,1.5053946557299966,0.0,0
2.2211522320740134,0.19909393485420268,641.0,7966.0,0.3873254110864201,1.6368838090776128,0.0,39940.0,1.5053946557299966,0.0,0
2.2211557902169154,0.19909393485420268,642.0,7966.0,0.38732896922932136,1.636883809077614,0.0,39940.0,1.5053946557299966,0.0,0
2.2211593129557032,0.19909393485420268,643.0,7966.0,0.3873324919681095,1.6368838090776139,0.0,39940.0,1.5053946557299966,0.0,0
2.2211628006426545,0.19909393485420268,644.0,7966.0,0.3873359796550607,1.6368838090776137,0.0,39940.0,1.5053946557299966,0.0,0
2.2211662536265404,0.19909393485420268,645.0,7966.0,0.38733943263894705,1.636883809077613,0.0,39940.0,1.5053946557299966,0.0,0
2.2211696722526635,0.19909393485420268,646.0,7966.0,0.38734285126506957,1.6368838090776137,0.0,39940.0,1.5053946557299966,0.0,0
2.2211730568628876,0.19909393485420268,647.0,7966.0,0.387346235875294,1.6368838090776132,0.0,39940.0,1.5053946557299966,0.0,0
2.2211764077956775,0.19909393485420268,648.0,7966.0,0.38734958680808396,1.6368838090776132,0.0,39940.0,1.5053946557299966,0.0,0
2.221179725386129,0.19909393485420268,649.0,7966.0,0.3873529043985355,1.6368838090776139,0.0,39940.0,1.5053946557299966,0.0,0
2.2211830099660044,0.19909393485420268,650.0,7966.0,0.3873561889784107,1.6368838090776139,0.0,39940.0,1.5053946557299966,0.0,0
2.2211862618637634,0.19909393485420268,651.0,7966.0,0.38735944087616986,1.636883809077614,0.0,39940.0,1.5053946557299966,0.0,0
2.221189481404599,0.19909393485420268,652.0,7966.0,0.38736266041700557,1.6368838090776139,0.0,39940.0,1.5053946557299966,0.0,0
2.2211926689104686,0.19909393485420268,653.0,7966.0,0.38736584792287493,1.6368838090776139,0.0,39940.0,1.5053946557299966,0.0,0
2.2211958247001244,0.19909393485420268,654.0,7966.0,0.3873690037125307,1.6368838090776139,0.0,39940.0,1.5053946557299966,0.0,0
2.221198949089149,0.19909393485420268,655.0,7966.0,0.38737212810155514,1.6368838090776139,0.0,39940.0,1.5053946557299966,0.0,0
2.2212020423899825,0.19909393485420268,656.0,7966.0,0.3873752214023891,1.6368838090776137,0.0,39940.0,1.5053946557299966,0.0,0
2.221205104911959,0.19909393485420268,657.0,7966.0,0.3873782839243654,1.6368838090776137,0.0,39940.0,1.5053946557299966,0.0,0
2.221208136961333,0.19909393485420268,658.0,7966.0,0.3873813159737392,1.6368838090776137,0.0,39940.0,1.5053946557299966,0.0,0
2.221211138841311,0.19909393485420268,659.0,7966.0,0.3873843178537174,1.6368838090776139,0.0,39940.0,1.5053946557299966,0.0,0
2.2212141108520846,0.19909393485420268,660.0,7966.0,0.38738728986449095,1.6368838090776139,0.0,39940.0,1.5053946557299966,0.0,0
2.2212170532908564,0.19909393485420268,661.0,7966.0,0.38739023230326286,1.6368838090776137,0.0,39940.0,1.5053946557299966,0.0,0
2.2212199664518737,0.19909393485420268,662.0,7966.0,0.38739314546428005,1.6368838090776134,0.0,39940.0,1.5053946557299966,0.0,0
2.2212228506264546,0.19909393485420268,663.0,7966.0,0.38739602963886094,1.6368838090776139,0.0,39940.0,1.5053946557299966,0.0,0
2.2212257061030187,0.19909393485420268,664.0,7966.0,0.38739888511542503,1.636883809077614,0.0,39940.0,1.5053946557299966,0.0,0
2.221228533167116,0.19909393485420268,665.0,7966.0,0.38740171217952263,1.6368838090776137,0.0,39940.0,1.5053946557299966,0.0,0
2.2212313321014565,0.19909393485420268,666.0,7966.0,0.38740451111386254,1.6368838090776137,0.0,39940.0,1.5053946557299966,0.0,0
2.221234103185934,0.19909393485420268,667.0,7966.0,0.38740728219834036,1.6368838090776132,0.0,39940.0,1.5053946557299966,0.0,0
2.2212368466976606,0.19909393485420268,668.0,7966.0,0.38741002571006694,1.6368838090776139,0.0,39940.0,1.5053946557299966,0.0,0
2.2212395629109896,0.19909393485420268,669.0,7966.0,0.3874127419233957,1.6368838090776143,0.0,39940.0,1.5053946557299966,0.0,0
2.2212422520975443,0.19909393485420268,670.0,7966.0,0.3874154311099504,1.6368838090776148,0.0,39940.0,1.5053946557299966,0.0,0
2.221244914526245,0.19909393485420268,671.0,7966.0,0.38741809353865175,1.6368838090776134,0.0,39940.0,1.5053946557299966,0.0,0
2.2212475504633384,0.19909393485420268,672.0,7966.0,0.38742072947574485,1.636883809077614,0.0,39940.0,1.5053946557299966,0.0,0
2.2212501601724193,0.19909393485420268,673.0,7966.0,0.3874233391848256,1.6368838090776139,0.0,39940.0,1.5053946557299966,0.0,0
2.221252743914461,0.19909393485420268,674.0,7966.0,0.3874259229268672,1.6368838090776139,0.0,39940.0,1.5053946557299966,0.0,0
2.2212553019478394,0.19909393485420268,675.0,7966.0,0.38742848096024585,1.6368838090776139,0.0,39940.0,1.5053946557299966,0.0,0
2.221257834528361,0.19909393485420268,676.0,7966.0,0.38743101354076726,1.6368838090776137,0.0,39940.0,1.5053946557299966,0.0,0
2.221260341909285,0.19909393485420268,677.0,7966.0,0.38743352092169137,1.6368838090776137,0.0,39940.0,1.5053946557299966,0.0,0
2.2212628243413515,0.19909393485420268,678.0,7966.0,0.3874360033537583,1.636883809077613,0.0,39940.0,1.5053946557299966,0.0,0
2.221265282072807,0.19909393485420268,679.0,7966.0,0.3874384610852135,1.6368838090776139,0.0,39940.0,1.5053946557299966,0.0,0
2.221267715349426,0.19909393485420268,680.0,7966.0,0.3874408943618322,1.6368838090776139,0.0,39940.0,1.5053946557299966,0.0,0
2.221270124414538,0.19909393485420268,681.0,7966.0,0.387443303426944,1.6368838090776139,0.0,39940.0,1.5053946557299966,0.0,0
2.2212725095090513,0.19909393485420268,682.0,7966.0,0.3874456885214575,1.636883809077614,0.0,39940.0,1.5053946557299966,0.0,0
2.221274870871478,0.19909393485420268,683.0,7966.0,0.38744804988388404,1.6368838090776137,0.0,39940.0,1.5053946557299966,0.0,0
2.221277208737955,0.19909393485420268,684.0,7966.0,0.38745038775036184,1.6368838090776137,0.0,39940.0,1.5053946557299966,0.0,0
2.2212795233422735,0.19909393485420268,685.0,7966.0,0.3874527023546795,1.6368838090776139,0.0,39940.0,1.5053946557299966,0.0,0
2.221281814915893,0.19909393485420268,686.0,7966.0,0.3874549939282992,1.6368838090776137,0.0,39940.0,1.5053946557299966,0.0,0
2.2212840836879746,0.19909393485420268,687.0,7966.0,0.3874572627003808,1.636883809077614,0.0,39940.0,1.5053946557299966,0.0,0
2.221286329885396,0.19909393485420268,688.0,7966.0,0.3874595088978027,1.6368838090776132,0.0,39940.0,1.5053946557299966,0.0,0
2.221288553732781,0.19909393485420268,689.0,7966.0,0.3874617327451869,1.6368838090776139,0.0,39940.0,1.5053946557299966,0.0,0
2.2212907554525136,0.19909393485420268,690.0,7966.0,0.3874639344649198,1.6368838090776132,0.0,39940.0,1.5053946557299966,0.0,0
2.2212929352647692,0.19909393485420268,691.0,7966.0,0.3874661142771756,1.6368838090776143,0.0,39940.0,1.5053946557299966,0.0,0
2.2212950933875306,0.19909393485420268,692.0,7966.0,0.38746827239993686,1.6368838090776137,0.0,39940.0,1.5053946557299966,0.0,0
2.2212972300366114,0.19909393485420268,693.0,7966.0,0.38747040904901786,1.6368838090776139,0.0,39940.0,1.5053946557299966,0.0,0
2.2212993454256793,0.19909393485420268,694.0,7966.0,0.3874725244380853,1.6368838090776139,0.0,39940.0,1.5053946557299966,0.0,0
2.2213014397662736,0.19909393485420268,695.0,7966.0,0.38747461877867995,1.6368838090776139,0.0,39940.0,1.5053946557299966,0.0,0
2.221303513267831,0.19909393485420268,696.0,7966.0,0.38747669228023734,1.6368838090776137,0.0,39940.0,1.5053946557299966,0.0,0
2.2213055661377035,0.19909393485420268,697.0,7966.0,0.3874787451501096,1.6368838090776143,0.0,39940.0,1.5053946557299966,0.0,0
2.221307598581179,0.19909393485420268,698.0,7966.0,0.38748077759358523,1.6368838090776139,0.0,39940.0,1.5053946557299966,0.0,0
2.2213096108015042,0.19909393485420268,699.0,7966.0,0.3874827898139106,1.6368838090776143,0.0,39940.0,1.5053946557299966,0.0,0
2.2213116029999025,0.19909393485420268,700.0,7966.0,0.38748478201230907,1.6368838090776139,0.0,39940.0,1.5053946557299966,0.0,0
2.221313575375596,0.19909393485420268,701.0,7966.0,0.3874867543880024,1.6368838090776134,0.0,39940.0,1.5053946557299966,0.0,0
2.2213155281258232,0.19909393485420268,702.0,7966.0,0.38748870713822947,1.636883809077614,0.0,39940.0,1.5053946557299966,0.0,0
2.221317461445861,0.19909393485420268,703.0,7966.0,0.38749064045826714,1.6368838090776139,0.0,39940.0,1.5053946557299966,0.0,0
2.2213193755290432,0.19909393485420268,704.0,7966.0,0.38749255454144915,1.6368838090776143,0.0,39940.0,1.5053946557299966,0.0,0
2.221321270566779,0.19909393485420268,705.0,7966.0,0.3874944495791852,1.6368838090776139,0.0,39940.0,1.5053946557299966,0.0,0
2.221323146748574,0.19909393485420268,706.0,7966.0,0.3874963257609807,1.6368838090776134,0.0,39940.0,1.5053946557299966,0.0,0
2.221325004262049,0.19909393485420268,707.0,7966.0,0.38749818327445545,1.6368838090776134,0.0,39940.0,1.5053946557299966,0.0,0
2.221326843292956,0.19909393485420268,708.0,7966.0,0.3875000223053623,1.6368838090776137,0.0,39940.0,1.5053946557299966,0.0,0
2.2213286640251995,0.19909393485420268,709.0,7966.0,0.38750184303760593,1.636883809077614,0.0,39940.0,1.5053946557299966,0.0,0
2.221330466640855,0.19909393485420268,710.0,7966.0,0.38750364565326106,1.6368838090776139,0.0,39940.0,1.5053946557299966,0.0,0
2.2213322513201845,0.19909393485420268,711.0,7966.0,0.3875054303325908,1.636883809077614,0.0,39940.0,1.5053946557299966,0.0,0
2.2213340182416577,0.19909393485420268,712.0,7966.0,0.38750719725406424,1.6368838090776137,0.0,39940.0,1.5053946557299966,0.0,0
2.2213357675819694,0.19909393485420268,713.0,7966.0,0.38750894659437535,1.6368838090776139,0.0,39940.0,1.5053946557299966,0.0,0
2.2213374995160535,0.19909393485420268,714.0,7966.0,0.38751067852845966,1.6368838090776139,0.0,39940.0,1.5053946557299966,0.0,0
2.221339214217106,0.19909393485420268,715.0,7966.0,0.3875123932295119,1.6368838090776137,0.0,39940.0,1.5053946557299966,0.0,0
2.2213409118565974,0.19909393485420268,716.0,7966.0,0.38751409086900374,1.6368838090776139,0.0,39940.0,1.5053946557299966,0.0,0
2.2213425926042936,0.19909393485420268,717.0,7966.0,0.3875157716167001,1.6368838090776132,0.0,39940.0,1.5053946557299966,0.0,0
2.2213442566282713,0.19909393485420268,718.0,7966.0,0.3875174356406774,1.6368838090776137,0.0,39940.0,1.5053946557299966,0.0,0
2.2213459040949335,0.19909393485420268,719.0,7966.0,0.38751908310733973,1.636883809077614,0.0,39940.0,1.5053946557299966,0.0,0
2.2213475351690284,0.19909393485420268,720.0,7966.0,0.3875207141814348,1.6368838090776139,0.0,39940.0,1.5053946557299966,0.0,0
2.221349150013665,0.19909393485420268,721.0,7966.0,0.3875223290260714,1.6368838090776139,0.0,39940.0,1.5053946557299966,0.0,0
2.221350748790329,0.19909393485420268,722.0,7966.0,0.3875239278027354,1.6368838090776137,0.0,39940.0,1.5053946557299966,0.0,0
2.2213615296662836,0.19910313286158685,723.0,7967.0,0.38752551067130575,1.6368838090776139,0.0,39940.0,1.5053946557299966,0.0,0
2.221363096785049,0.19910313286158685,724.0,7967.0,0.3875270777900709,1.6368838090776145,0.0,39940.0,1.5053946557299966,0.0,0
2.2213646483107214,0.19910313286158685,725.0,7967.0,0.3875286293157436,1.6368838090776139,0.0,39940.0,1.5053946557299966,0.0,0
2.221366184398456,0.19910313286158685,726.0,7967.0,0.3875301654034779,1.6368838090776143,0.0,39940.0,1.5053946557299966,0.0,0
2.2213677052018617,0.19910313286158685,727.0,7967.0,0.38753168620688405,1.6368838090776134,0.0,39940.0,1.5053946557299966,0.0,0
2.221369210873021,0.19910313286158685,728.0,7967.0,0.38753319187804336,1.6368838090776134,0.0,39940.0,1.5053946557299966,0.0,0
2.221370701562502,0.19910313286158685,729.0,7967.0,0.3875346825675244,1.6368838090776137,0.0,39940.0,1.5053946557299966,0.0,0
2.221372177419375,0.19910313286158685,730.0,7967.0,0.3875361584243972,1.6368838090776132,0.0,39940.0,1.5053946557299966,0.0,0
2.2213736385912264,0.19910313286158685,731.0,7967.0,0.38753761959624855,1.6368838090776134,0.0,39940.0,1.5053946557299966,0.0,0
2.2213750852241754,0.19910313286158685,732.0,7967.0,0.38753906622919726,1.6368838090776139,0.0,39940.0,1.5053946557299966,0.0,0
2.2213765174628852,0.19910313286158685,733.0,7967.0,0.38754049846790783,1.6368838090776137,0.0,39940.0,1.5053946557299966,0.0,0
2.2213779354505827,0.19910313286158685,734.0,7967.0,0.3875419164556048,1.6368838090776137,0.0,39940.0,1.5053946557299966,0.0,0
2.2213793393290664,0.19910313286158685,735.0,7967.0,0.38754332033408845,1.6368838090776139,0.0,39940.0,1.5053946557299966,0.0,0
2.221380729238726,0.19910313286158685,736.0,7967.0,0.3875447102437481,1.6368838090776143,0.0,39940.0,1.5053946557299966,0.0,0
2.221382105318553,0.19910313286158685,737.0,7967.0,0.38754608632357535,1.636883809077614,0.0,39940.0,1.5053946557299966,0.0,0
2.2213834677061572,0.19910313286158685,738.0,7967.0,0.3875474487111795,1.6368838090776132,0.0,39940.0,1.5053946557299966,0.0,0
2.2213848165377783,0.19910313286158685,739.0,7967.0,0.3875487975428006,1.636883809077613,0.0,39940.0,1.5053946557299966,0.0,0
2.2213861519483,0.19910313286158685,740.0,7967.0,0.38755013295332275,1.6368838090776137,0.0,39940.0,1.5053946557299966,0.0,0
2.221387474071266,0.19910313286158685,741.0,7967.0,0.38755145507628813,1.6368838090776137,0.0,39940.0,1.5053946557299966,0.0,0
2.2213887830388885,0.19910313286158685,742.0,7967.0,0.38755276404391037,1.6368838090776137,0.0,39940.0,1.5053946557299966,0.0,0
2.221390078982065,0.19910313286158685,743.0,7967.0,0.387554059987087,1.6368838090776139,0.0,39940.0,1.5053946557299966,0.0,0
2.2213913620303916,0.19910313286158685,744.0,7967.0,0.38755534303541367,1.6368838090776132,0.0,39940.0,1.5053946557299966,0.0,0
2.221392632312174,0.19910313286158685,745.0,7967.0,0.38755661331719615,1.6368838090776134,0.0,39940.0,1.5053946557299966,0.0,0
2.2213938899544416,0.19910313286158685,746.0,7967.0,0.38755787095946376,1.636883809077614,0.0,39940.0,1.5053946557299966,0.0,0
2.2213951350829597,0.19910313286158685,747.0,7967.0,0.3875591160879816,1.6368838090776139,0.0,39940.0,1.5053946557299966,0.0,0
2.2213963678222415,0.19910313286158685,748.0,7967.0,0.3875603488272637,1.6368838090776137,0.0,39940.0,1.5053946557299966,0.0,0
2.221397588295563,0.19910313286158685,749.0,7967.0,0.38756156930058505,1.6368838090776143,0.0,39940.0,1.5053946557299966,0.0,0
2.221398796624972,0.19910313286158685,750.0,7967.0,0.3875627776299939,1.6368838090776139,0.0,39940.0,1.5053946557299966,0.0,0
2.2213999929313024,0.19910313286158685,751.0,7967.0,0.38756397393632425,1.6368838090776139,0.0,39940.0,1.5053946557299966,0.0,0
2.2214011773341857,0.19910313286158685,752.0,7967.0,0.38756515833920785,1.6368838090776134,0.0,39940.0,1.5053946557299966,0.0,0
2.221402349952063,0.19910313286158685,753.0,7967.0,0.3875663309570858,1.636883809077613,0.0,39940.0,1.5053946557299966,0.0,0
2.221403510902199,0.19910313286158685,754.0,7967.0,0.3875674919072208,1.6368838090776139,0.0,39940.0,1.5053946557299966,0.0,0
2.221404660300687,0.19910313286158685,755.0,7967.0,0.38756864130570917,1.636883809077614,0.0,39940.0,1.5053946557299966,0.0,0
2.2214057982624693,0.19910313286158685,756.0,7967.0,0.38756977926749137,1.6368838090776137,0.0,39940.0,1.5053946557299966,0.0,0
2.221406924901342,0.19910313286158685,757.0,7967.0,0.38757090590636456,1.6368838090776132,0.0,39940.0,1.5053946557299966,0.0,0
2.2214080403299716,0.19910313286158685,758.0,7967.0,0.3875720213349938,1.6368838090776145,0.0,39940.0,1.5053946557299966,0.0,0
2.2214091446599005,0.19910313286158685,759.0,7967.0,0.3875731256649226,1.6368838090776139,0.0,39940.0,1.5053946557299966,0.0,0
2.2214102380015635,0.19910313286158685,760.0,7967.0,0.38757421900658523,1.6368838090776148,0.0,39940.0,1.5053946557299966,0.0,0
2.2214113204642945,0.19910313286158685,761.0,7967.0,0.3875753014693163,1.6368838090776137,0.0,39940.0,1.5053946557299966,0.0,0
2.221412392156341,0.19910313286158685,762.0,7967.0,0.38757637316136334,1.6368838090776137,0.0,39940.0,1.5053946557299966,0.0,0
2.221413453184874,0.19910313286158685,763.0,7967.0,0.3875774341898965,1.6368838090776139,0.0,39940.0,1.5053946557299966,0.0,0
2.2214145036559967,0.19910313286158685,764.0,7967.0,0.3875784846610191,1.6368838090776139,0.0,39940.0,1.5053946557299966,0.0,0
2.2214155436747576,0.19910313286158685,765.0,7967.0,0.3875795246797793,1.636883809077614,0.0,39940.0,1.5053946557299966,0.0,0
2.221416573345158,0.19910313286158685,766.0,7967.0,0.3875805543501801,1.6368838090776139,0.0,39940.0,1.5053946557299966,0.0,0
2.221429662551985,0.19911520264340454,767.0,7968.0,0.38758157377518926,1.6368838090776143,0.0,39940.0,1.5053946557299966,0.0,0
2.221430671833546,0.19911520264340454,768.0,7968.0,0.3875825830567503,1.6368838090776134,0.0,39940.0,1.5053946557299966,0.0,0
2.2214316710725877,0.19911520264340454,769.0,7968.0,0.3875835822957919,1.6368838090776148,0.0,39940.0,1.5053946557299966,0.0,0
2.221432660369034,0.19911520264340454,770.0,7968.0,0.3875845715922386,1.6368838090776139,0.0,39940.0,1.5053946557299966,0.0,0
2.221433639821817,0.19911520264340454,771.0,7968.0,0.3875855510450214,1.6368838090776143,0.0,39940.0,1.5053946557299966,0.0,0
2.2214346095288824,0.19911520264340454,772.0,7968.0,0.3875865207520864,1.6368838090776139,0.0,39940.0,1.5053946557299966,0.0,0
2.2214355695871997,0.19911520264340454,773.0,7968.0,0.3875874808104045,1.6368838090776132,0.0,39940.0,1.5053946557299966,0.0,0
2.2214365200927784,0.19911520264340454,774.0,7968.0,0.3875884313159828,1.6368838090776132,0.0,39940.0,1.5053946557299966,0.0,0
2.221437461140668,0.19911520264340454,775.0,7968.0,0.38758937236387275,1.6368838090776137,0.0,39940.0,1.5053946557299966,0.0,0
2.2214383928249752,0.19911520264340454,776.0,7968.0,0.3875903040481796,1.6368838090776137,0.0,39940.0,1.5053946557299966,0.0,0
2.221439315238868,0.19911520264340454,777.0,7968.0,0.38759122646207267,1.6368838090776137,0.0,39940.0,1.5053946557299966,0.0,0
2.2214402284745898,0.19911520264340454,778.0,7968.0,0.38759213969779444,1.6368838090776139,0.0,39940.0,1.5053946557299966,0.0,0
2.221441132623464,0.19911520264340454,779.0,7968.0,0.38759304384666876,1.6368838090776139,0.0,39940.0,1.5053946557299966,0.0,0
2.221442027775907,0.19911520264340454,780.0,7968.0,0.38759393899911126,1.6368838090776139,0.0,39940.0,1.5053946557299966,0.0,0
2.221442914021434,0.19911520264340454,781.0,7968.0,0.3875948252446385,1.6368838090776134,0.0,39940.0,1.5053946557299966,0.0,0
2.221443791448671,0.19911520264340454,782.0,7968.0,0.38759570267187526,1.6368838090776139,0.0,39940.0,1.5053946557299966,0.0,0
2.2214446601453606,0.19911520264340454,783.0,7968.0,0.38759657136856507,1.6368838090776139,0.0,39940.0,1.5053946557299966,0.0,0
2.2214455201983743,0.19911520264340454,784.0,7968.0,0.3875974314215783,1.6368838090776145,0.0,39940.0,1.5053946557299966,0.0,0
2.221446371693717,0.19911520264340454,785.0,7968.0,0.3875982829169214,1.6368838090776143,0.0,39940.0,1.5053946557299966,0.0,0
2.22144721471654,0.19911520264340454,786.0,7968.0,0.3875991259397441,1.636883809077614,0.0,39940.0,1.5053946557299966,0.0,0
2.221448049351145,0.19911520264340454,787.0,7968.0,0.3875999605743494,1.6368838090776139,0.0,39940.0,1.5053946557299966,0.0,0
2.2214488756809976,0.19911520264340454,788.0,7968.0,0.38760078690420197,1.6368838090776137,0.0,39940.0,1.5053946557299966,0.0,0
2.2214496937887303,0.19911520264340454,789.0,7968.0,0.38760160501193486,1.6368838090776134,0.0,39940.0,1.5053946557299966,0.0,0
2.2214505037561554,0.19911520264340454,790.0,7968.0,0.3876024149793598,1.6368838090776143,0.0,39940.0,1.5053946557299966,0.0,0
2.22145130566427,0.19911520264340454,791.0,7968.0,0.38760321688747434,1.6368838090776137,0.0,39940.0,1.5053946557299966,0.0,0
2.221452099593265,0.19911520264340454,792.0,7968.0,0.3876040108164697,1.6368838090776139,0.0,39940.0,1.5053946557299966,0.0,0
2.2214528856225355,0.19911520264340454,793.0,7968.0,0.3876047968457397,1.6368838090776148,0.0,39940.0,1.5053946557299966,0.0,0
2.221453663830683,0.19911520264340454,794.0,7968.0,0.3876055750538877,1.636883809077614,0.0,39940.0,1.5053946557299966,0.0,0
2.2214544342955307,0.19911520264340454,795.0,7968.0,0.3876063455187352,1.6368838090776137,0.0,39940.0,1.5053946557299966,0.0,0
2.2214551970941248,0.19911520264340454,796.0,7968.0,0.3876071083173294,1.6368838090776134,0.0,39940.0,1.5053946557299966,0.0,0
2.221455952302746,0.19911520264340454,797.0,7968.0,0.3876078635259508,1.6368838090776137,0.0,39940.0,1.5053946557299966,0.0,0
2.2214566999969168,0.19911520264340454,798.0,7968.0,0.3876086112201208,1.6368838090776139,0.0,39940.0,1.5053946557299966,0.0,0
2.221457440251405,0.19911520264340454,799.0,7968.0,0.38760935147460956,1.6368838090776132,0.0,39940.0,1.5053946557299966,0.0,0
2.2214581731402387,0.19911520264340454,800.0,7968.0,0.3876100843634431,1.6368838090776137,0.0,39940.0,1.5053946557299966,0.0,0
2.2214588987367065,0.19911520264340454,801.0,7968.0,0.3876108099599109,1.6368838090776145,0.0,39940.0,1.5053946557299966,0.0,0
2.2214596171133687,0.19911520264340454,802.0,7968.0,0.3876115283365732,1.6368838090776139,0.0,39940.0,1.5053946557299966,0.0,0
2.2214603283420638,0.19911520264340454,803.0,7968.0,0.38761223956526836,1.6368838090776137,0.0,39940.0,1.5053946557299966,0.0,0
2.2214610324939152,0.19911520264340454,804.0,7968.0,0.3876129437171197,1.6368838090776137,0.0,39940.0,1.5053946557299966,0.0,0
2.2214617296393384,0.19911520264340454,805.0,7968.0,0.38761364086254296,1.6368838090776132,0.0,39940.0,1.5053946557299966,0.0,0
2.221462419848049,0.19911520264340454,806.0,7968.0,0.3876143310712533,1.6368838090776132,0.0,39940.0,1.5053946557299966,0.0,0
2.221463103189068,0.19911520264340454,807.0,7968.0,0.3876150144122725,1.6368838090776143,0.0,39940.0,1.5053946557299966,0.0,0
2.2214637797307306,0.19911520264340454,808.0,7968.0,0.38761569095393483,1.6368838090776139,0.0,39940.0,1.5053946557299966,0.0,0
2.2214644495406906,0.19911520264340454,809.0,7968.0,0.3876163607638951,1.6368838090776132,0.0,39940.0,1.5053946557299966,0.0,0
2.22146511268593,0.19911520264340454,810.0,7968.0,0.38761702390913483,1.6368838090776134,0.0,39940.0,1.5053946557299966,0.0,0
2.2214657692327653,0.19911520264340454,811.0,7968.0,0.3876176804559693,1.6368838090776143,0.0,39940.0,1.5053946557299966,0.0,0
2.2214664192468496,0.19911520264340454,812.0,7968.0,0.38761833047005373,1.636883809077614,0.0,39940.0,1.5053946557299966,0.0,0
2.2214670627931854,0.19911520264340454,813.0,7968.0,0.38761897401638984,1.6368838090776132,0.0,39940.0,1.5053946557299966,0.0,0
2.2214676999361287,0.19911520264340454,814.0,7968.0,0.3876196111593329,1.6368838090776139,0.0,39940.0,1.5053946557299966,0.0,0
2.2214683307393934,0.19911520264340454,815.0,7968.0,0.3876202419625977,1.6368838090776139,0.0,39940.0,1.5053946557299966,0.0,0
2.2214689552660607,0.19911520264340454,816.0,7968.0,0.3876208664892652,1.6368838090776139,0.0,39940.0,1.5053946557299966,0.0,0
2.221469573578584,0.19911520264340454,817.0,7968.0,0.38762148480178854,1.6368838090776134,0.0,39940.0,1.5053946557299966,0.0,0
2.221470185738795,0.19911520264340454,818.0,7968.0,0.3876220969619995,1.6368838090776134,0.0,39940.0,1.5053946557299966,0.0,0
2.22147079180791,0.19911520264340454,819.0,7968.0,0.3876227030311144,1.6368838090776137,0.0,39940.0,1.5053946557299966,0.0,0
2.2214713918465367,0.19911520264340454,820.0,7968.0,0.3876233030697413,1.6368838090776137,0.0,39940.0,1.5053946557299966,0.0,0
2.2214719859146794,0.19911520264340454,821.0,7968.0,0.38762389713788376,1.6368838090776137,0.0,39940.0,1.5053946557299966,0.0,0
2.221472574071745,0.19911520264340454,822.0,7968.0,0.3876244852949495,1.636883809077614,0.0,39940.0,1.5053946557299966,0.0,0
2.22147315637655,0.19911520264340454,823.0,7968.0,0.3876250675997545,1.6368838090776139,0.0,39940.0,1.5053946557299966,0.0,0
2.2214737328873255,0.19911520264340454,824.0,7968.0,0.38762564411053013,1.6368838090776139,0.0,39940.0,1.5053946557299966,0.0,0
2.221474303661723,0.19911520264340454,825.0,7968.0,0.38762621488492754,1.6368838090776139,0.0,39940.0,1.5053946557299966,0.0,0
2.2214748687568204,0.19911520264340454,826.0,7968.0,0.3876267799800248,1.6368838090776134,0.0,39940.0,1.5053946557299966,0.0,0
2.221475428229127,0.19911520264340454,827.0,7968.0,0.38762733945233185,1.6368838090776137,0.0,39940.0,1.5053946557299966,0.0,0
2.221475982134592,0.19911520264340454,828.0,7968.0,0.3876278933577966,1.6368838090776139,0.0,39940.0,1.5053946557299966,0.0,0
2.2214765305286055,0.19911520264340454,829.0,7968.0,0.3876284417518098,1.6368838090776139,0.0,39940.0,1.5053946557299966,0.0,0
2.221477073466007,0.19911520264340454,830.0,7968.0,0.38762898468921136,1.6368838090776139,0.0,39940.0,1.5053946557299966,0.0,0
2.221477611001091,0.19911520264340454,831.0,7968.0,0.3876295222242956,1.6368838090776137,0.0,39940.0,1.5053946557299966,0.0,0
2.2214781431876123,0.19911520264340454,832.0,7968.0,0.3876300544108165,1.6368838090776139,0.0,39940.0,1.5053946557299966,0.0,0
2.2214786700787883,0.19911520264340454,833.0,7968.0,0.3876305813019929,1.6368838090776134,0.0,39940.0,1.5053946557299966,0.0,0
2.22147919172731,0.19911520264340454,834.0,7968.0,0.3876311029505144,1.636883809077614,0.0,39940.0,1.5053946557299966,0.0,0
2.221479708185342,0.19911520264340454,835.0,7968.0,0.38763161940854657,1.6368838090776139,0.0,39940.0,1.5053946557299966,0.0,0
2.2214802195045307,0.19911520264340454,836.0,7968.0,0.3876321307277352,1.6368838090776132,0.0,39940.0,1.5053946557299966,0.0,0
2.2214807257360087,0.19911520264340454,837.0,7968.0,0.3876326369592131,1.6368838090776139,0.0,39940.0,1.5053946557299966,0.0,0
2.221481226930399,0.19911520264340454,838.0,7968.0,0.3876331381536037,1.6368838090776137,0.0,39940.0,1.5053946557299966,0.0,0
2.2214817231378223,0.19911520264340454,839.0,7968.0,0.3876336343610267,1.6368838090776137,0.0,39940.0,1.5053946557299966,0.0,0
2.221482214407899,0.19911520264340454,840.0,7968.0,0.38763412563110333,1.6368838090776139,0.0,39940.0,1.5053946557299966,0.0,0
2.2214827007897564,0.19911520264340454,841.0,7968.0,0.38763461201296096,1.6368838090776134,0.0,39940.0,1.5053946557299966,0.0,0
2.221483182332034,0.19911520264340454,842.0,7968.0,0.38763509355523834,1.6368838090776139,0.0,39940.0,1.5053946557299966,0.0,0
2.2214836590828853,0.19911520264340454,843.0,7968.0,0.38763557030608997,1.6368838090776137,0.0,39940.0,1.5053946557299966,0.0,0
2.221484131089987,0.19911520264340454,844.0,7968.0,0.3876360423131914,1.6368838090776139,0.0,39940.0,1.5053946557299966,0.0,0
2.221484598400539,0.19911520264340454,845.0,7968.0,0.3876365096237435,1.636883809077614,0.0,39940.0,1.5053946557299966,0.0,0
2.2214850610612733,0.19911520264340454,846.0,7968.0,0.3876369722844781,1.6368838090776139,0.0,39940.0,1.5053946557299966,0.0,0
2.221485519118457,0.19911520264340454,847.0,7968.0,0.3876374303416615,1.6368838090776143,0.0,39940.0,1.5053946557299966,0.0,0
2.2214859726178955,0.19911520264340454,848.0,7968.0,0.3876378838410997,1.6368838090776139,0.0,39940.0,1.5053946557299966,0.0,0
2.221486421604939,0.19911520264340454,849.0,7968.0,0.38763833282814314,1.6368838090776148,0.0,39940.0,1.5053946557299966,0.0,0
2.2214868661244864,0.19911520264340454,850.0,7968.0,0.38763877734769087,1.6368838090776137,0.0,39940.0,1.5053946557299966,0.0,0
2.221487306220991,0.19911520264340454,851.0,7968.0,0.38763921744419516,1.6368838090776145,0.0,39940.0,1.5053946557299966,0.0,0
2.221487741938462,0.19911520264340454,852.0,7968.0,0.38763965316166604,1.6368838090776143,0.0,39940.0,1.5053946557299966,0.0,0
2.221488173320471,0.19911520264340454,853.0,7968.0,0.38764008454367566,1.6368838090776134,0.0,39940.0,1.5053946557299966,0.0,0
2.221488600410158,0.19911520264340454,854.0,7968.0,0.3876405116333625,1.6368838090776139,0.0,39940.0,1.5053946557299966,0.0,0
2.2214890232502316,0.19911520264340454,855.0,7968.0,0.3876409344734361,1.6368838090776132,0.0,39940.0,1.5053946557299966,0.0,0
2.221489441882976,0.19911520264340454,856.0,7968.0,0.38764135310618053,1.6368838090776139,0.0,39940.0,1.5053946557299966,0.0,0
2.221489856350255,0.19911520264340454,857.0,7968.0,0.3876417675734598,1.6368838090776139,0.0,39940.0,1.5053946557299966,0.0,0
2.221490266693516,0.19911520264340454,858.0,7968.0,0.38764217791672045,1.6368838090776134,0.0,39940.0,1.5053946557299966,0.0,0
2.2214906729537933,0.19911520264340454,859.0,7968.0,0.38764258417699765,1.6368838090776137,0.0,39940.0,1.5053946557299966,0.0,0
2.2214910751717127,0.19911520264340454,860.0,7968.0,0.3876429863949173,1.6368838090776134,0.0,39940.0,1.5053946557299966,0.0,0
2.2214914733874975,0.19911520264340454,861.0,7968.0,0.387643384610702,1.6368838090776132,0.0,39940.0,1.5053946557299966,0.0,0
2.2214918676409687,0.19911520264340454,862.0,7968.0,0.3876437788641734,1.6368838090776139,0.0,39940.0,1.5053946557299966,0.0,0
2.221492257971553,0.19911520264340454,863.0,7968.0,0.3876441691947573,1.6368838090776137,0.0,39940.0,1.5053946557299966,0.0,0
2.2214926444182828,0.19911520264340454,864.0,7968.0,0.3876445556414868,1.6368838090776139,0.0,39940.0,1.5053946557299966,0.0,0
2.221502225613821,0.1991244012374227,865.0,7969.0,0.3876449382430071,1.6368838090776143,0.0,39940.0,1.5053946557299966,0.0,0
2.2215026044083923,0.1991244012374227,866.0,7969.0,0.3876453170375788,1.6368838090776128,0.0,39940.0,1.5053946557299966,0.0,0
2.2215029794338954,0.1991244012374227,867.0,7969.0,0.3876456920630815,1.636883809077614,0.0,39940.0,1.5053946557299966,0.0,0
2.221503350727832,0.1991244012374227,868.0,7969.0,0.3876460633570181,1.6368838090776137,0.0,39940.0,1.5053946557299966,0.0,0
2.221503718327332,0.1991244012374227,869.0,7969.0,0.3876464309565182,1.6368838090776137,0.0,39940.0,1.5053946557299966,0.0,0
2.221504082269156,0.1991244012374227,870.0,7969.0,0.38764679489834214,1.6368838090776137,0.0,39940.0,1.5053946557299966,0.0,0
2.221504442589698,0.1991244012374227,871.0,7969.0,0.3876471552188847,1.6368838090776139,0.0,39940.0,1.5053946557299966,0.0,0
2.221504799324992,0.1991244012374227,872.0,7969.0,0.38764751195417785,1.6368838090776139,0.0,39940.0,1.5053946557299966,0.0,0
2.221505152510709,0.1991244012374227,873.0,7969.0,0.3876478651398954,1.6368838090776143,0.0,39940.0,1.5053946557299966,0.0,0
2.22150550218217,0.1991244012374227,874.0,7969.0,0.3876482148113565,1.6368838090776139,0.0,39940.0,1.5053946557299966,0.0,0
2.2215058483743415,0.1991244012374227,875.0,7969.0,0.3876485610035281,1.6368838090776128,0.0,39940.0,1.5053946557299966,0.0,0
2.221506191121844,0.1991244012374227,876.0,7969.0,0.38764890375103045,1.6368838090776128,0.0,39940.0,1.5053946557299966,0.0,0
2.2215065304589516,0.1991244012374227,877.0,7969.0,0.387649243088138,1.6368838090776139,0.0,39940.0,1.5053946557299966,0.0,0
2.2215068664195985,0.1991244012374227,878.0,7969.0,0.3876495790487847,1.6368838090776137,0.0,39940.0,1.5053946557299966,0.0,0
2.221507199037381,0.1991244012374227,879.0,7969.0,0.3876499116665675,1.6368838090776137,0.0,39940.0,1.5053946557299966,0.0,0
2.2215075283455614,0.1991244012374227,880.0,7969.0,0.387650240974748,1.6368838090776132,0.0,39940.0,1.5053946557299966,0.0,0
2.2215078543770708,0.1991244012374227,881.0,7969.0,0.38765056700625716,1.6368838090776137,0.0,39940.0,1.5053946557299966,0.0,0
2.221508177164512,0.1991244012374227,882.0,7969.0,0.3876508897936985,1.6368838090776137,0.0,39940.0,1.5053946557299966,0.0,0
2.221508496740165,0.1991244012374227,883.0,7969.0,0.3876512093693515,1.6368838090776137,0.0,39940.0,1.5053946557299966,0.0,0
2.221508813135987,0.1991244012374227,884.0,7969.0,0.38765152576517325,1.6368838090776137,0.0,39940.0,1.5053946557299966,0.0,0
2.221509126383618,0.1991244012374227,885.0,7969.0,0.38765183901280414,1.6368838090776132,0.0,39940.0,1.5053946557299966,0.0,0
2.2215094365143826,0.1991244012374227,886.0,7969.0,0.3876521491435691,1.6368838090776134,0.0,39940.0,1.5053946557299966,0.0,0
2.221509743559295,0.1991244012374227,887.0,7969.0,0.38765245618848143,1.6368838090776139,0.0,39940.0,1.5053946557299966,0.0,0
2.2215100475490592,0.1991244012374227,888.0,7969.0,0.3876527601782458,1.6368838090776132,0.0,39940.0,1.5053946557299966,0.0,0
2.221510348514075,0.1991244012374227,889.0,7969.0,0.38765306114326126,1.6368838090776139,0.0,39940.0,1.5053946557299966,0.0,0
2.2215106464844387,0.1991244012374227,890.0,7969.0,0.3876533591136249,1.6368838090776143,0.0,39940.0,1.5053946557299966,0.0,0
2.221510941489948,0.1991244012374227,891.0,7969.0,0.3876536541191341,1.6368838090776148,0.0,39940.0,1.5053946557299966,0.0,0
2.221511233560103,0.1991244012374227,892.0,7969.0,0.3876539461892891,1.6368838090776132,0.0,39940.0,1.5053946557299966,0.0,0
2.2215115227241116,0.1991244012374227,893.0,7969.0,0.3876542353532978,1.6368838090776143,0.0,39940.0,1.5053946557299966,0.0,0
2.2215118090108903,0.1991244012374227,894.0,7969.0,0.3876545216400763,1.6368838090776132,0.0,39940.0,1.5053946557299966,0.0,0
2.2215120924490677,0.1991244012374227,895.0,7969.0,0.38765480507825395,1.6368838090776134,0.0,39940.0,1.5053946557299966,0.0,0
2.221512373066988,0.1991244012374227,896.0,7969.0,0.3876550856961744,1.6368838090776137,0.0,39940.0,1.5053946557299966,0.0,0
2.2215126508927137,0.1991244012374227,897.0,7969.0,0.38765536352190005,1.6368838090776132,0.0,39940.0,1.5053946557299966,0.0,0
2.2215129259540274,0.1991244012374227,898.0,7969.0,0.38765563858321356,1.6368838090776143,0.0,39940.0,1.5053946557299966,0.0,0
2.221513198278435,0.1991244012374227,899.0,7969.0,0.387655910907621,1.6368838090776137,0.0,39940.0,1.5053946557299966,0.0,0
2.2215134678931694,0.1991244012374227,900.0,7969.0,0.3876561805223557,1.6368838090776132,0.0,39940.0,1.5053946557299966,0.0,0
2.2215137348251925,0.1991244012374227,901.0,7969.0,0.38765644745437877,1.6368838090776134,0.0,39940.0,1.5053946557299966,0.0,0
2.2215139991011976,0.1991244012374227,902.0,7969.0,0.38765671173038396,1.6368838090776134,0.0,39940.0,1.5053946557299966,0.0,0
2.221514260747612,0.1991244012374227,903.0,7969.0,0.3876569733767987,1.6368838090776137,0.0,39940.0,1.5053946557299966,0.0,0
2.221514519790602,0.1991244012374227,904.0,7969.0,0.3876572324197883,1.6368838090776134,0.0,39940.0,1.5053946557299966,0.0,0
2.221514776256071,0.1991244012374227,905.0,7969.0,0.3876574888852572,1.6368838090776139,0.0,39940.0,1.5053946557299966,0.0,0
2.2215150301696656,0.1991244012374227,906.0,7969.0,0.3876577427988518,1.636883809077614,0.0,39940.0,1.5053946557299966,0.0,0
2.221515281556778,0.1991244012374227,907.0,7969.0,0.38765799418596414,1.6368838090776139,0.0,39940.0,1.5053946557299966,0.0,0
2.2215155304425465,0.1991244012374227,908.0,7969.0,0.3876582430717328,1.6368838090776143,0.0,39940.0,1.5053946557299966,0.0,0
2.2215157768518603,0.1991244012374227,909.0,7969.0,0.3876584894810464,1.6368838090776139,0.0,39940.0,1.5053946557299966,0.0,0
2.2215160208093603,0.1991244012374227,910.0,7969.0,0.38765873343854695,1.6368838090776134,0.0,39940.0,1.5053946557299966,0.0,0
2.2215162623394433,0.1991244012374227,911.0,7969.0,0.38765897496862933,1.6368838090776143,0.0,39940.0,1.5053946557299966,0.0,0
2.2215165014662612,0.1991244012374227,912.0,7969.0,0.38765921409544735,1.6368838090776137,0.0,39940.0,1.5053946557299966,0.0,0
2.2215167382137273,0.1991244012374227,913.0,7969.0,0.3876594508429137,1.6368838090776132,0.0,39940.0,1.5053946557299966,0.0,0
2.2215169726055177,0.1991244012374227,914.0,7969.0,0.3876596852347037,1.6368838090776139,0.0,39940.0,1.5053946557299966,0.0,0
2.2215172046650697,0.1991244012374227,915.0,7969.0,0.38765991729425636,1.6368838090776132,0.0,39940.0,1.5053946557299966,0.0,0
2.221517434415591,0.1991244012374227,916.0,7969.0,0.38766014704477775,1.6368838090776128,0.0,39940.0,1.5053946557299966,0.0,0
2.221517661880057,0.1991244012374227,917.0,7969.0,0.38766037450924323,1.636883809077614,0.0,39940.0,1.5053946557299966,0.0,0
2.221517887081213,0.1991244012374227,918.0,7969.0,0.3876605997103995,1.6368838090776139,0.0,39940.0,1.5053946557299966,0.0,0
2.221518110041581,0.1991244012374227,919.0,7969.0,0.38766082267076707,1.6368838090776139,0.0,39940.0,1.5053946557299966,0.0,0
2.2215183307834554,0.1991244012374227,920.0,7969.0,0.3876610434126417,1.6368838090776137,0.0,39940.0,1.5053946557299966,0.0,0
2.221518549328912,0.1991244012374227,921.0,7969.0,0.38766126195809797,1.6368838090776139,0.0,39940.0,1.5053946557299966,0.0,0
2.221518765699804,0.1991244012374227,922.0,7969.0,0.38766147832899056,1.6368838090776137,0.0,39940.0,1.5053946557299966,0.0,0
2.2215189799177706,0.1991244012374227,923.0,7969.0,0.3876616925469568,1.6368838090776134,0.0,39940.0,1.5053946557299966,0.0,0
2.2215191920042323,0.1991244012374227,924.0,7969.0,0.38766190463341865,1.6368838090776132,0.0,39940.0,1.5053946557299966,0.0,0
2.221519401980399,0.1991244012374227,925.0,7969.0,0.3876621146095852,1.6368838090776139,0.0,39940.0,1.5053946557299966,0.0,0
2.2215196098672676,0.1991244012374227,926.0,7969.0,0.3876623224964538,1.6368838090776143,0.0,39940.0,1.5053946557299966,0.0,0
2.2215198156856273,0.1991244012374227,927.0,7969.0,0.3876625283148134,1.636883809077614,0.0,39940.0,1.5053946557299966,0.0,0
2.2215200194560603,0.1991244012374227,928.0,7969.0,0.3876627320852464,1.6368838090776143,0.0,39940.0,1.5053946557299966,0.0,0
2.221520221198943,0.1991244012374227,929.0,7969.0,0.3876629338281294,1.6368838090776137,0.0,39940.0,1.5053946557299966,0.0,0
2.2215204209344512,0.1991244012374227,930.0,7969.0,0.38766313356363746,1.6368838090776139,0.0,39940.0,1.5053946557299966,0.0,0
2.221520618682557,0.1991244012374227,931.0,7969.0,0.3876633313117437,1.6368838090776137,0.0,39940.0,1.5053946557299966,0.0,0
2.2215208144630374,0.1991244012374227,932.0,7969.0,0.38766352709222357,1.6368838090776143,0.0,39940.0,1.5053946557299966,0.0,0
2.221521008295469,0.1991244012374227,933.0,7969.0,0.387663720924655,1.6368838090776139,0.0,39940.0,1.5053946557299966,0.0,0
2.2215212001992355,0.1991244012374227,934.0,7969.0,0.38766391282842155,1.6368838090776143,0.0,39940.0,1.5053946557299966,0.0,0
2.221521390193528,0.1991244012374227,935.0,7969.0,0.3876641028227139,1.6368838090776139,0.0,39940.0,1.5053946557299966,0.0,0
2.2215215782973448,0.1991244012374227,936.0,7969.0,0.3876642909265312,1.6368838090776139,0.0,39940.0,1.5053946557299966,0.0,0
2.221521764529498,0.1991244012374227,937.0,7969.0,0.3876644771586846,1.6368838090776143,0.0,39940.0,1.5053946557299966,0.0,0
2.2215219489086104,0.1991244012374227,938.0,7969.0,0.38766466153779666,1.6368838090776139,0.0,39940.0,1.5053946557299966,0.0,0
2.2215221314531197,0.1991244012374227,939.0,7969.0,0.3876648440823061,1.6368838090776139,0.0,39940.0,1.5053946557299966,0.0,0
2.221522312181281,0.1991244012374227,940.0,7969.0,0.38766502481046755,1.6368838090776139,0.0,39940.0,1.5053946557299966,0.0,0
2.2215224911111675,0.1991244012374227,941.0,7969.0,0.38766520374035346,1.636883809077614,0.0,39940.0,1.5053946557299966,0.0,0
2.2215226682606706,0.1991244012374227,942.0,7969.0,0.3876653808898574,1.6368838090776137,0.0,39940.0,1.5053946557299966,0.0,0
2.221522843647508,0.1991244012374227,943.0,7969.0,0.3876655562766943,1.6368838090776143,0.0,39940.0,1.5053946557299966,0.0,0
2.2215230172892166,0.1991244012374227,944.0,7969.0,0.38766572991840303,1.6368838090776139,0.0,39940.0,1.5053946557299966,0.0,0
2.2215231892031615,0.1991244012374227,945.0,7969.0,0.3876659018323479,1.6368838090776137,0.0,39940.0,1.5053946557299966,0.0,0
2.2215233594065342,0.1991244012374227,946.0,7969.0,0.38766607203572023,1.6368838090776143,0.0,39940.0,1.5053946557299966,0.0,0
2.2215235279163545,0.1991244012374227,947.0,7969.0,0.38766624054554094,1.6368838090776139,0.0,39940.0,1.5053946557299966,0.0,0
2.2215236947494748,0.1991244012374227,948.0,7969.0,0.3876664073786609,1.6368838090776139,0.0,39940.0,1.5053946557299966,0.0,0
2.221523859922577,0.1991244012374227,949.0,7969.0,0.38766657255176346,1.6368838090776137,0.0,39940.0,1.5053946557299966,0.0,0
2.22152402345218,0.1991244012374227,950.0,7969.0,0.3876667360813663,1.6368838090776132,0.0,39940.0,1.5053946557299966,0.0,0
2.2215241853546366,0.1991244012374227,951.0,7969.0,0.3876668979838224,1.6368838090776139,0.0,39940.0,1.5053946557299966,0.0,0
2.221524345646136,0.1991244012374227,952.0,7969.0,0.3876670582753221,1.636883809077614,0.0,39940.0,1.5053946557299966,0.0,0
2.2215245043427085,0.1991244012374227,953.0,7969.0,0.3876672169718949,1.6368838090776137,0.0,39940.0,1.5053946557299966,0.0,0
2.221524661460224,0.1991244012374227,954.0,7969.0,0.38766737408941004,1.6368838090776139,0.0,39940.0,1.5053946557299966,0.0,0
2.221524817014394,0.1991244012374227,955.0,7969.0,0.3876675296435801,1.6368838090776143,0.0,39940.0,1.5053946557299966,0.0,0
2.2215249710207736,0.1991244012374227,956.0,7969.0,0.38766768364996007,1.6368838090776137,0.0,39940.0,1.5053946557299966,0.0,0
2.221525123494765,0.1991244012374227,957.0,7969.0,0.38766783612395106,1.6368838090776134,0.0,39940.0,1.5053946557299966,0.0,0
2.2215252744516145,0.1991244012374227,958.0,7969.0,0.3876679870808005,1.6368838090776145,0.0,39940.0,1.5053946557299966,0.0,0
2.221525423906418,0.1991244012374227,959.0,7969.0,0.3876681365356045,1.6368838090776143,0.0,39940.0,1.5053946557299966,0.0,0
2.2215255718741216,0.1991244012374227,960.0,7969.0,0.38766828450330776,1.6368838090776137,0.0,39940.0,1.5053946557299966,0.0,0
2.221525718369522,0.1991244012374227,961.0,7969.0,0.3876684309987082,1.6368838090776139,0.0,39940.0,1.5053946557299966,0.0,0
2.221525863407269,0.1991244012374227,962.0,7969.0,0.3876685760364548,1.6368838090776137,0.0,39940.0,1.5053946557299966,0.0,0
2.2215260070018656,0.1991244012374227,963.0,7969.0,0.3876687196310521,1.6368838090776137,0.0,39940.0,1.5053946557299966,0.0,0
2.2215261491676723,0.1991244012374227,964.0,7969.0,0.3876688617968589,1.6368838090776137,0.0,39940.0,1.5053946557299966,0.0,0
2.221526289918906,0.1991244012374227,965.0,7969.0,0.3876690025480924,1.636883809077613,0.0,39940.0,1.5053946557299966,0.0,0
2.221526429269641,0.1991244012374227,966.0,7969.0,0.3876691418988276,1.6368838090776139,0.0,39940.0,1.5053946557299966,0.0,0
2.2215265672338136,0.1991244012374227,967.0,7969.0,0.38766927986300004,1.6368838090776137,0.0,39940.0,1.5053946557299966,0.0,0
2.2215267038252198,0.1991244012374227,968.0,7969.0,0.3876694164544061,1.6368838090776137,0.0,39940.0,1.5053946557299966,0.0,0
2.2215268390575185,0.1991244012374227,969.0,7969.0,0.3876695516867045,1.636883809077614,0.0,39940.0,1.5053946557299966,0.0,0
2.221526972944233,0.1991244012374227,970.0,7969.0,0.3876696855734195,1.6368838090776139,0.0,39940.0,1.5053946557299966,0.0,0
2.221527105498753,0.1991244012374227,971.0,7969.0,0.38766981812793927,1.6368838090776139,0.0,39940.0,1.5053946557299966,0.0,0
2.221527236734333,0.1991244012374227,972.0,7969.0,0.38766994936351945,1.6368838090776134,0.0,39940.0,1.5053946557299966,0.0,0
2.221527366664098,0.1991244012374227,973.0,7969.0,0.387670079293284,1.6368838090776137,0.0,39940.0,1.5053946557299966,0.0,0
2.2215274953010393,0.1991244012374227,974.0,7969.0,0.3876702079302256,1.636883809077614,0.0,39940.0,1.5053946557299966,0.0,0
2.221527622658022,0.1991244012374227,975.0,7969.0,0.3876703352872082,1.6368838090776139,0.0,39940.0,1.5053946557299966,0.0,0
2.2215277487477816,0.1991244012374227,976.0,7969.0,0.38767046137696787,1.6368838090776137,0.0,39940.0,1.5053946557299966,0.0,0
2.221527873582927,0.1991244012374227,977.0,7969.0,0.3876705862121135,1.6368838090776132,0.0,39940.0,1.5053946557299966,0.0,0
2.221527997175942,0.1991244012374227,978.0,7969.0,0.38767070980512836,1.6368838090776137,0.0,39940.0,1.5053946557299966,0.0,0
2.2215281195391863,0.1991244012374227,979.0,7969.0,0.38767083216837245,1.6368838090776132,0.0,39940.0,1.5053946557299966,0.0,0
2.2215282406848957,0.1991244012374227,980.0,7969.0,0.38767095331408175,1.6368838090776137,0.0,39940.0,1.5053946557299966,0.0,0
2.221528360625185,0.1991244012374227,981.0,7969.0,0.3876710732543714,1.6368838090776139,0.0,39940.0,1.5053946557299966,0.0,0
2.221528479372049,0.1991244012374227,982.0,7969.0,0.38767119200123507,1.6368838090776139,0.0,39940.0,1.5053946557299966,0.0,0
2.2215285969373615,0.1991244012374227,983.0,7969.0,0.3876713095665475,1.6368838090776139,0.0,39940.0,1.5053946557299966,0.0,0
2.2215287133328796,0.1991244012374227,984.0,7969.0,0.3876714259620658,1.6368838090776139,0.0,39940.0,1.5053946557299966,0.0,0
2.221528828570243,0.1991244012374227,985.0,7969.0,0.38767154119942904,1.6368838090776143,0.0,39940.0,1.5053946557299966,0.0,0
2.2215289426609752,0.1991244012374227,986.0,7969.0,0.38767165529016157,1.6368838090776143,0.0,39940.0,1.5053946557299966,0.0,0
2.221529055616486,0.1991244012374227,987.0,7969.0,0.3876717682456723,1.6368838090776143,0.0,39940.0,1.5053946557299966,0.0,0
2.221529167448071,0.1991244012374227,988.0,7969.0,0.38767188007725695,1.6368838090776139,0.0,39940.0,1.5053946557299966,0.0,0
2.2215292781669125,0.1991244012374227,989.0,7969.0,0.38767199079609865,1.6368838090776139,0.0,39940.0,1.5053946557299966,0.0,0
2.221529387784083,0.1991244012374227,990.0,7969.0,0.38767210041326955,1.6368838090776139,0.0,39940.0,1.5053946557299966,0.0,0
2.2215294963105454,0.1991244012374227,991.0,7969.0,0.38767220893973137,1.6368838090776143,0.0,39940.0,1.5053946557299966,0.0,0
2.221529603757151,0.1991244012374227,992.0,7969.0,0.38767231638633665,1.6368838090776143,0.0,39940.0,1.5053946557299966,0.0,0
2.2215297101346443,0.1991244012374227,993.0,7969.0,0.38767242276383074,1.6368838090776132,0.0,39940.0,1.5053946557299966,0.0,0
2.2215298154536645,0.1991244012374227,994.0,7969.0,0.38767252808285085,1.6368838090776132,0.0,39940.0,1.5053946557299966,0.0,0
2.2215299197247425,0.1991244012374227,995.0,7969.0,0.387672632353929,1.636883809077613,0.0,39940.0,1.5053946557299966,0.0,0
2.2215300229583064,0.1991244012374227,996.0,7969.0,0.3876727355874927,1.6368838090776137,0.0,39940.0,1.5053946557299966,0.0,0
2.221530125164679,0.1991244012374227,997.0,7969.0,0.38767283779386547,1.6368838090776139,0.0,39940.0,1.5053946557299966,0.0,0
2.2215302263540817,0.1991244012374227,998.0,7969.0,0.387672938983268,1.6368838090776134,0.0,39940.0,1.5053946557299966,0.0,0
2.2215303265366324,0.1991244012374227,999.0,7969.0,0.3876730391658187,1.6368838090776139,0.0,39940.0,1.5053946557299966,0.0,0
2.2215304257223503,0.1991244012374227,1000.0,7969.0,0.3876731383515367,1.636883809077614,0.0,39940.0,1.5053946557299966,0.0,0
2.221530523921154,0.1991244012374227,1001.0,7969.0,0.3876732365503402,1.6368838090776143,0.0,39940.0,1.5053946557299966,0.0,0
2.2215306211428625,0.1991244012374227,1002.0,7969.0,0.3876733337720491,1.6368838090776132,0.0,39940.0,1.5053946557299966,0.0,0
2.2215307173972,0.1991244012374227,1003.0,7969.0,0.387673430026386,1.6368838090776145,0.0,39940.0,1.5053946557299966,0.0,0
2.2215308126937905,0.1991244012374227,1004.0,7969.0,0.3876735253229763,1.6368838090776139,0.0,39940.0,1.5053946557299966,0.0,0
2.221530907042163,0.1991244012374227,1005.0,7969.0,0.3876736196713497,1.6368838090776139,0.0,39940.0,1.5053946557299966,0.0,0
2.221530907042163,0.1991244012374227,1005.0,7969.0,0.3876736196713497,1.6368838090776139,0.0,39940.0,1.5053946557299966,0.0,0
2.221530907042163,0.1991244012374227,1005.0,7969.0,0.3876736196713497,1.6368838090776139,0.0,39940.0,1.5053946557299966,0.0,0
0.46718632361456947,0.08577351034526809,1005.0,14749.0,0.3895317445883548,-5.624587327983519e-05,0.0,39739.0,-5.146737930235003e-05,0.0,0
0.46718632361456947,0.08577351034526809,1005.0,14749.0,0.3895317445883548,-5.624587327983519e-05,0.0,39739.0,-5.146737930235003e-05,0.0,0
0.3805520478469344,0.06989389800075996,1006.0,15493.0,0.3187770811652279,-5.624587327976111e-05,0.0,39739.0,-5.146737930235003e-05,0.0,0
0.355343865662651,0.06775686144801295,1007.0,15616.0,0.2957059355336915,-5.6245873279883276e-05,0.0,39739.0,-5.146737930235003e-05,0.0,0
0.3407805421343502,0.06775686144801295,1008.0,15616.0,0.2811426120053907,-5.624587327980971e-05,0.0,39739.0,-5.146737930235003e-05,0.0,0
0.329816375402859,0.06775686144801295,1009.0,15616.0,0.2701784452738995,-5.624587327985803e-05,0.0,39739.0,-5.146737930235003e-05,0.0,0
0.3206023802452205,0.06775686144801295,1010.0,15616.0,0.2609644501162609,-5.6245873279804306e-05,0.0,39739.0,-5.146737930235003e-05,0.0,0
0.31241887164300625,0.06775686144801295,1011.0,15616.0,0.2527809415140467,-5.624587327984888e-05,0.0,39739.0,-5.146737930235003e-05,0.0,0
0.3049653574013814,0.06775686144801295,1012.0,15616.0,0.2453274272724219,-5.6245873279887085e-05,0.0,39739.0,-5.146737930235003e-05,0.0,0
0.29809894784009333,0.06775686144801295,1013.0,15616.0,0.2384610177111338,-5.624587327986888e-05,0.0,39739.0,-5.146737930235003e-05,0.0,0
0.2917377995915578,0.06775686144801295,1014.0,15616.0,0.23209986946259842,-5.624587327994284e-05,0.0,39739.0,-5.146737930235003e-05,0.0,0
0.28582530274342555,0.06775686144801295,1015.0,15616.0,0.226187372614466,-5.62458732798613e-05,0.0,39739.0,-5.146737930235003e-05,0.0,0
0.28031664197768474,0.06775686144801295,1016.0,15616.0,0.22067871184872528,-5.624587327996105e-05,0.0,39739.0,-5.146737930235003e-05,0.0,0
0.2749976021427577,0.06758084982129728,1017.0,15638.0,0.21553568364051387,-5.624587327998256e-05,0.0,39739.0,-5.146737930235003e-05,0.0,0
0.2699979668517322,0.06739232474393905,1018.0,15662.0,0.2107245734268466,-5.624587327986934e-05,0.0,39739.0,-5.146737930235003e-05,0.0,0
0.2652882410619752,0.06719199333391677,1019.0,15688.0,0.2062151790471118,-5.624587327987038e-05,0.0,39739.0,-5.146737930235003e-05,0.0,0
0.2609094504316322,0.06704810726320244,1020.0,15707.0,0.20198027448748326,-5.624587327998533e-05,0.0,39739.0,-5.146737930235003e-05,0.0,0
0.2567875232790951,0.06691120215131939,1021.0,15727.0,0.19799525244682917,-5.6245873279932716e-05,0.0,39739.0,-5.146737930235003e-05,0.0,0
0.2528805034911994,0.06676158688292692,1022.0,15749.0,0.1942378479273259,-5.6245873279820515e-05,0.0,39739.0,-5.146737930235003e-05,0.0,0
0.24912444593312918,0.06655547183009987,1023.0,15782.0,0.19068790542208272,-5.6245873279908064e-05,0.0,39739.0,-5.146737930235003e-05,0.0,0
0.2455651971899711,0.06635695389037771,1024.0,15816.0,0.1873271746186468,-5.6245873279880376e-05,0.0,39739.0,-5.146737930235003e-05,0.0,0
0.2422132744594457,0.06619307789552688,1025.0,15843.0,0.18413912788297226,-5.624587327993816e-05,0.0,39739.0,-5.146737930235003e-05,0.0,0
0.23908748077428177,0.06609761612168116,1026.0,15858.0,0.18110879597165408,-5.6245873279971497e-05,0.0,39739.0,-5.146737930235003e-05,0.0,0
0.236017157053216,0.06591346867876746,1027.0,15889.0,0.17822261969350192,-5.6245873279927966e-05,0.0,39739.0,-5.146737930235003e-05,0.0,0
0.23317130069407502,0.06582191621067265,1028.0,15905.0,0.17546831580245575,-5.624587327987465e-05,0.0,39739.0,-5.146737930235003e-05,0.0,0
0.2304354410716566,0.06571961669680532,1029.0,15924.0,0.17283475569390466,-5.6245873279970114e-05,0.0,39739.0,-5.146737930235003e-05,0.0,0
0.22780722710257126,0.0656143027627035,1030.0,15942.0,0.17031185565892118,-5.624587327986696e-05,0.0,39739.0,-5.146737930235003e-05,0.0,0
0.22502601101029104,0.06525446474277233,1031.0,15975.0,0.16789047758657216,-5.62458732799226e-05,0.0,39739.0,-5.146737930235003e-05,0.0,0
0.2222992732458643,0.06485586544852685,1032.0,16010.0,0.16556233911639093,-5.6245873279994766e-05,0.0,39739.0,-5.146737930235003e-05,0.0,0
0.2195056018753181,0.06430460085400108,1033.0,16054.0,0.16331993234037046,-5.6245873279984094e-05,0.0,39739.0,-5.146737930235003e-05,0.0,0
0.21678536230749976,0.06374784338615105,1034.0,16098.0,0.1611564502404021,-5.6245873279848006e-05,0.0,39739.0,-5.146737930235003e-05,0.0,0
0.21433596230307955,0.06338917349726762,1035.0,16125.0,0.1590657201248653,-5.6245873279863923e-05,0.0,39739.0,-5.146737930235003e-05,0.0,0
0.2121405576942777,0.06321734561507249,1036.0,16137.0,0.15704214339825864,-5.624587327990845e-05,0.0,39739.0,-5.146737930235003e-05,0.0,0
0.20986716023690136,0.06290545049476477,1037.0,16159.0,0.15508064106119002,-5.6245873279935216e-05,0.0,39739.0,-5.146737930235003e-05,0.0,0
0.20761282550632634,0.06255515242996289,1038.0,16184.0,0.15317660439541686,-5.6245873279883365e-05,0.0,39739.0,-5.146737930235003e-05,0.0,0
0.2054710914380618,0.062264172416593884,1039.0,16205.0,0.1513258503405214,-5.6245873279949196e-05,0.0,39739.0,-5.146737930235003e-05,0.0,0
0.20331341146066437,0.06190776166395181,1040.0,16231.0,0.149524581115766,-5.624587327993636e-05,0.0,39739.0,-5.146737930235003e-05,0.0,0
0.20139529791270655,0.061744881548602054,1041.0,16243.0,0.14776934768315791,-5.624587327991719e-05,0.0,39739.0,-5.146737930235003e-05,0.0,0
0.19923927191018456,0.0613011865430412,1042.0,16276.0,0.14605701668619675,-5.624587327990722e-05,0.0,39739.0,-5.146737930235003e-05,0.0,0
0.19731424549444065,0.061048436279931464,1043.0,16295.0,0.1443847405335626,-5.624587327990392e-05,0.0,39739.0,-5.146737930235003e-05,0.0,0
0.19541581811518402,0.060784819105761466,1044.0,16315.0,0.14274993032847597,-5.6245873279900176e-05,0.0,39739.0,-5.146737930235003e-05,0.0,0
0.19359419467010872,0.06056289461622102,1045.0,16332.0,0.1411502313729411,-5.6245873279884645e-05,0.0,39739.0,-5.146737930235003e-05,0.0,0
0.19175589730641152,0.06029132762361319,1046.0,16353.0,0.1395835010018518,-5.624587327996725e-05,0.0,39739.0,-5.146737930235003e-05,0.0,0
0.1899769213075243,0.06004806410132127,1047.0,16372.0,0.13804778852525648,-5.624587327993973e-05,0.0,39739.0,-5.146737930235003e-05,0.0,0
0.18814040960222259,0.05971802384309985,1048.0,16398.0,0.1365413170781762,-5.624587327993799e-05,0.0,39739.0,-5.146737930235003e-05,0.0,0
0.18647277213029,0.05952923625288311,1049.0,16413.0,0.13506246719646026,-5.6245873279908796e-05,0.0,39739.0,-5.146737930235003e-05,0.0,0
0.1848456036841182,0.059354773048734565,1050.0,16427.0,0.13360976195443708,-5.624587327995308e-05,0.0,39739.0,-5.146737930235003e-05,0.0,0
0.18320767693195744,0.05914475473526478,1051.0,16444.0,0.1321818535157461,-5.62458732799721e-05,0.0,39739.0,-5.146737930235003e-05,0.0,0
0.18163185095432582,0.05897327131049644,1052.0,16458.0,0.13077751096288281,-5.6245873279956426e-05,0.0,39739.0,-5.146737930235003e-05,0.0,0
0.1800799996791578,0.05880332171443105,1053.0,16472.0,0.12939560928378013,-5.624587327989588e-05,0.0,39739.0,-5.146737930235003e-05,0.0,0
0.17853902081258757,0.05862283272630863,1054.0,16487.0,0.12803511940533238,-5.6245873279977975e-05,0.0,39739.0,-5.146737930235003e-05,0.0,0
0.1771036041576016,0.058527436302412104,1055.0,16495.0,0.1266950991742429,-5.624587327987155e-05,0.0,39739.0,-5.146737930235003e-05,0.0,0
0.1756175668665263,0.058361812990523725,1056.0,16509.0,0.125374685195056,-5.624587327992396e-05,0.0,39739.0,-5.146737930235003e-05,0.0,0
0.17409299866059624,0.0581388445358358,1057.0,16528.0,0.1240730854438139,-5.624587327999222e-05,0.0,39739.0,-5.146737930235003e-05,0.0,0
0.17272803963128266,0.058057398366799164,1058.0,16535.0,0.12278957258353695,-5.6245873279960865e-05,0.0,39739.0,-5.146737930235003e-05,0.0,0
0.1713465004533349,0.057941953857636355,1059.0,16545.0,0.12152347791475195,-5.6245873279900495e-05,0.0,39739.0,-5.146737930235003e-05,0.0,0
0.16990252912807757,0.057747274546484685,1060.0,16562.0,0.12027418590064631,-5.624587327991862e-05,0.0,39739.0,-5.146737930235003e-05,0.0,0
0.16857862675425958,0.05765642886113786,1061.0,16570.0,0.11904112921217515,-5.624587327996281e-05,0.0,39739.0,-5.146737930235003e-05,0.0,0
0.1672485585126681,0.05754370558806954,1062.0,16580.0,0.11782378424365199,-5.624587327989302e-05,0.0,39739.0,-5.146737930235003e-05,0.0,0
0.16590106866337667,0.05739833292836934,1063.0,16593.0,0.11662166705406073,-5.6245873279918696e-05,0.0,39739.0,-5.146737930235003e-05,0.0,0
0.16453622938154241,0.05722083100700873,1064.0,16609.0,0.11543432969358715,-5.624587327994097e-05,0.0,39739.0,-5.146737930235003e-05,0.0,0
0.1632201174923466,0.05707769193268007,1065.0,16622.0,0.11426135687872004,-5.624587327997363e-05,0.0,39739.0,-5.146737930235003e-05,0.0,0
0.16198476595205377,0.05700133428834424,1066.0,16629.0,0.11310236298276297,-5.624587327990212e-05,0.0,39739.0,-5.146737930235003e-05,0.0,0
0.16073100806585616,0.056892950073159664,1067.0,16639.0,0.11195698931174997,-5.624587327994973e-05,0.0,39739.0,-5.146737930235003e-05,0.0,0
0.15953447166496293,0.056828501345400656,1068.0,16645.0,0.11082490163861572,-5.6245873279986127e-05,0.0,39739.0,-5.146737930235003e-05,0.0,0
0.15823395720740716,0.05664710055540664,1069.0,16662.0,0.10970578797105394,-5.6245873279944466e-05,0.0,39739.0,-5.146737930235003e-05,0.0,0
0.15711691120739021,0.056636485995609,1070.0,16663.0,0.10859935653083468,-5.62458732799945e-05,0.0,39739.0,-5.146737930235003e-05,0.0,0
0.15602288860102323,0.056636485995609,1071.0,16663.0,0.10750533392446766,-5.624587327999093e-05,0.0,39739.0,-5.146737930235003e-05,0.0,0
0.15494101816356742,0.056636485995609,1072.0,16663.0,0.10642346348701189,-5.624587327994706e-05,0.0,39739.0,-5.146737930235003e-05,0.0,0
0.15387105845911878,0.056636485995609,1073.0,16663.0,0.1053535037825632,-5.624587327992828e-05,0.0,39739.0,-5.146737930235003e-05,0.0,0
0.15281278192307635,0.056636485995609,1074.0,16663.0,0.1042952272465208,-5.624587327994662e-05,0.0,39739.0,-5.146737930235003e-05,0.0,0
0.15176597363270317,0.056636485995609,1075.0,16663.0,0.10324841895614759,-5.624587327992095e-05,0.0,39739.0,-5.146737930235003e-05,0.0,0
0.15073043019378216,0.056636485995609,1076.0,16663.0,0.1022128755172266,-5.624587327994187e-05,0.0,39739.0,-5.146737930235003e-05,0.0,0
0.14970595873232875,0.056636485995609,1077.0,16663.0,0.10118840405577322,-5.624587327993859e-05,0.0,39739.0,-5.146737930235003e-05,0.0,0
0.1486923759813708,0.056636485995609,1078.0,16663.0,0.10017482130481524,-5.6245873279917165e-05,0.0,39739.0,-5.146737930235003e-05,0.0,0
0.14768950745375833,0.056636485995609,1079.0,16663.0,0.09917195277720278,-5.6245873279928034e-05,0.0,39739.0,-5.146737930235003e-05,0.0,0
0.1466971866928249,0.056636485995609,1080.0,16663.0,0.09817963201626928,-5.624587327990081e-05,0.0,39739.0,-5.146737930235003e-05,0.0,0
0.1457152545935001,0.056636485995609,1081.0,16663.0,0.09719769991694455,-5.624587327994143e-05,0.0,39739.0,-5.146737930235003e-05,0.0,0
0.14474355878717868,0.056636485995609,1082.0,16663.0,0.0962260041106231,-5.6245873279925364e-05,0.0,39739.0,-5.146737930235003e-05,0.0,0
0.14378195308428557,0.056636485995609,1083.0,16663.0,0.09526439840773002,-5.6245873279972445e-05,0.0,39739.0,-5.146737930235003e-05,0.0,0
0.14283029696905683,0.056636485995609,1084.0,16663.0,0.09431274229250129,-5.624587327999176e-05,0.0,39739.0,-5.146737930235003e-05,0.0,0
0.14188845514157403,0.056636485995609,1085.0,16663.0,0.09337090046501846,-5.624587327994114e-05,0.0,39739.0,-5.146737930235003e-05,0.0,0
0.14095629710256435,0.056636485995609,1086.0,16663.0,0.09243874242600877,-5.6245873279950165e-05,0.0,39739.0,-5.146737930235003e-05,0.0,0
0.14003369677690505,0.056636485995609,1087.0,16663.0,0.09151614210034954,-5.624587327998516e-05,0.0,39739.0,-5.146737930235003e-05,0.0,0
0.1391205321721565,0.056636485995609,1088.0,16663.0,0.09060297749560092,-5.624587327994313e-05,0.0,39739.0,-5.146737930235003e-05,0.0,0
0.13821668506879822,0.056636485995609,1089.0,16663.0,0.08969913039224267,-5.624587327995681e-05,0.0,39739.0,-5.146737930235003e-05,0.0,0
0.1373220407391601,0.056636485995609,1090.0,16663.0,0.08880448606260452,-5.6245873279935386e-05,0.0,39739.0,-5.146737930235003e-05,0.0,0
0.13643648769232417,0.056636485995609,1091.0,16663.0,0.08791893301576857,-5.624587327993619e-05,0.0,39739.0,-5.146737930235003e-05,0.0,0
0.13555991744253457,0.056636485995609,1092.0,16663.0,0.08704236276597903,-5.6245873279985835e-05,0.0,39739.0,-5.146737930235003e-05,0.0,0
0.13469222429888572,0.056636485995609,1093.0,16663.0,0.08617466962233018,-5.624587327993845e-05,0.0,39739.0,-5.146737930235003e-05,0.0,0
0.13383330517427097,0.056636485995609,1094.0,16663.0,0.08531575049771543,-5.624587327997031e-05,0.0,39739.0,-5.146737930235003e-05,0.0,0
0.13298305941176752,0.056636485995609,1095.0,16663.0,0.08446550473521196,-5.624587327995759e-05,0.0,39739.0,-5.146737930235003e-05,0.0,0
0.13214138862680425,0.056636485995609,1096.0,16663.0,0.08362383395024871,-5.624587327998132e-05,0.0,39739.0,-5.146737930235003e-05,0.0,0
0.13130819656361928,0.056636485995609,1097.0,16663.0,0.08279064188706371,-5.6245873279918425e-05,0.0,39739.0,-5.146737930235003e-05,0.0,0
0.1304833889646533,0.056636485995609,1098.0,16663.0,0.08196583428809776,-5.6245873279940366e-05,0.0,39739.0,-5.146737930235003e-05,0.0,0
0.12966687345165648,0.056636485995609,1099.0,16663.0,0.08114931877510091,-5.624587327997312e-05,0.0,39739.0,-5.146737930235003e-05,0.0,0
0.12885855941739977,0.056636485995609,1100.0,16663.0,0.08034100474084417,-5.624587327995153e-05,0.0,39739.0,-5.146737930235003e-05,0.0,0
0.12805835792698939,0.056636485995609,1101.0,16663.0,0.07954080325043379,-5.624587327992168e-05,0.0,39739.0,-5.146737930235003e-05,0.0,0
0.12726618162787764,0.056636485995609,1102.0,16663.0,0.07874862695132205,-5.624587327991411e-05,0.0,39739.0,-5.146737930235003e-05,0.0,0
0.12648194466774929,0.056636485995609,1103.0,16663.0,0.07796438999119368,-5.6245873279927403e-05,0.0,39739.0,-5.146737930235003e-05,0.0,0
0.12570556261954052,0.056636485995609,1104.0,16663.0,0.07718800794298497,-5.624587327995747e-05,0.0,39739.0,-5.146737930235003e-05,0.0,0
0.12493695241291909,0.056636485995609,1105.0,16663.0,0.07641939773636354,-5.624587327996783e-05,0.0,39739.0,-5.146737930235003e-05,0.0,0
0.12417603227161708,0.056636485995609,1106.0,16663.0,0.07565847759506149,-5.624587327994332e-05,0.0,39739.0,-5.146737930235003e-05,0.0,0
0.12342272165606612,0.056636485995609,1107.0,16663.0,0.07490516697951052,-5.624587327991595e-05,0.0,39739.0,-5.146737930235003e-05,0.0,0
0.12267694121083716,0.056636485995609,1108.0,16663.0,0.07415938653428159,-5.624587327991974e-05,0.0,39739.0,-5.146737930235003e-05,0.0,0
0.12193861271643397,0.056636485995609,1109.0,16663.0,0.0734210580398784,-5.624587327995417e-05,0.0,39739.0,-5.146737930235003e-05,0.0,0
0.12120765904503246,0.056636485995609,1110.0,16663.0,0.07269010436847692,-5.624587327997596e-05,0.0,39739.0,-5.146737930235003e-05,0.0,0
0.12048400411979666,0.056636485995609,1111.0,16663.0,0.07196644944324108,-5.624587327993483e-05,0.0,39739.0,-5.146737930235003e-05,0.0,0
0.11976757287743756,0.056636485995609,1112.0,16663.0,0.071250018200882,-5.624587327997395e-05,0.0,39739.0,-5.146737930235003e-05,0.0,0
0.11905829123371245,0.056636485995609,1113.0,16663.0,0.07054073655715691,-5.624587327996866e-05,0.0,39739.0,-5.146737930235003e-05,0.0,0
0.11835608605159073,0.056636485995609,1114.0,16663.0,0.06983853137503518,-5.624587327996953e-05,0.0,39739.0,-5.146737930235003e-05,0.0,0
0.11766088511183902,0.056636485995609,1115.0,16663.0,0.06914333043528342,-5.624587327995182e-05,0.0,39739.0,-5.146737930235003e-05,0.0,0
0.11697261708580116,0.056636485995609,1116.0,16663.0,0.0684550624092456,-5.624587327996347e-05,0.0,39739.0,-5.146737930235003e-05,0.0,0
0.11629121151017055,0.056636485995609,1117.0,16663.0,0.067773656833615,-5.624587327996856e-05,0.0,39739.0,-5.146737930235003e-05,0.0,0
0.11561659876357071,0.056636485995609,1118.0,16663.0,0.0670990440870151,-5.624587327993449e-05,0.0,39739.0,-5.146737930235003e-05,0.0,0
0.11494871004477812,0.056636485995609,1119.0,16663.0,0.06643115536822254,-5.6245873279948274e-05,0.0,39739.0,-5.146737930235003e-05,0.0,0
0.11428747735243726,0.056636485995609,1120.0,16663.0,0.06576992267588172,-5.624587327997446e-05,0.0,39739.0,-5.146737930235003e-05,0.0,0
0.11363283346613091,0.056636485995609,1121.0,16663.0,0.06511527878957532,-5.6245873279947956e-05,0.0,39739.0,-5.146737930235003e-05,0.0,0
0.11298471192868287,0.056636485995609,1122.0,16663.0,0.06446715725212729,-5.624587327995458e-05,0.0,39739.0,-5.146737930235003e-05,0.0,0
0.1123430470295816,0.056636485995609,1123.0,16663.0,0.06382549235302601,-5.624587327995194e-05,0.0,39739.0,-5.146737930235003e-05,0.0,0
0.11170777378942345,0.056636485995609,1124.0,16663.0,0.06319021911286789,-5.6245873279958296e-05,0.0,39739.0,-5.146737930235003e-05,0.0,0
0.11107882794528404,0.056636485995609,1125.0,16663.0,0.06256127326872847,-5.624587327999016e-05,0.0,39739.0,-5.146737930235003e-05,0.0,0
0.11045614593693523,0.056636485995609,1126.0,16663.0,0.06193859126037964,-5.6245873279935074e-05,0.0,39739.0,-5.146737930235003e-05,0.0,0
0.10983966489383197,0.056636485995609,1127.0,16663.0,0.06132211021727636,-5.624587327992386e-05,0.0,39739.0,-5.146737930235003e-05,0.0,0
0.10922932262280224,0.056636485995609,1128.0,16663.0,0.0607117679462467,-5.624587327997438e-05,0.0,39739.0,-5.146737930235003e-05,0.0,0
0.10862505759637771,0.056636485995609,1129.0,16663.0,0.060107502919822114,-5.6245873279903964e-05,0.0,39739.0,-5.146737930235003e-05,0.0,0
0.10802680894170885,0.056636485995609,1130.0,16663.0,0.05950925426515329,-5.624587327999355e-05,0.0,39739.0,-5.146737930235003e-05,0.0,0
0.1074345164300164,0.056636485995609,1131.0,16663.0,0.05891696175346088,-5.624587327997162e-05,0.0,39739.0,-5.146737930235003e-05,0.0,0
0.10684812046653012,0.056636485995609,1132.0,16663.0,0.05833056578997453,-5.624587327991804e-05,0.0,39739.0,-5.146737930235003e-05,0.0,0
0.10626756208087623,0.056636485995609,1133.0,16663.0,0.05775000740432063,-5.6245873279942914e-05,0.0,39739.0,-5.146737930235003e-05,0.0,0
0.10569278291787489,0.056636485995609,1134.0,16663.0,0.05717522824131931,-5.624587327997099e-05,0.0,39739.0,-5.146737930235003e-05,0.0,0
0.10512372522871336,0.056636485995609,1135.0,16663.0,0.056606170552157775,-5.62458732799622e-05,0.0,39739.0,-5.146737930235003e-05,0.0,0
0.1045603318624646,0.056636485995609,1136.0,16663.0,0.056042777185909,-5.624587327993624e-05,0.0,39739.0,-5.146737930235003e-05,0.0,0
0.10400254625792338,0.056636485995609,1137.0,16663.0,0.05548499158136779,-5.624587327993255e-05,0.0,39739.0,-5.146737930235003e-05,0.0,0
0.10345031243573424,0.056636485995609,1138.0,16663.0,0.05493275775917863,-5.624587327991668e-05,0.0,39739.0,-5.146737930235003e-05,0.0,0
0.10290357499078841,0.056636485995609,1139.0,16663.0,0.05438602031423283,-5.62458732799656e-05,0.0,39739.0,-5.146737930235003e-05,0.0,0
0.1023622790848694,0.056636485995609,1140.0,16663.0,0.053844724408313845,-5.624587327995919e-05,0.0,39739.0,-5.146737930235003e-05,0.0,0
0.10182637043952726,0.056636485995609,1141.0,16663.0,0.053308815762971674,-5.6245873279928034e-05,0.0,39739.0,-5.146737930235003e-05,0.0,0
0.10129579532916541,0.056636485995609,1142.0,16663.0,0.05277824065260985,-5.6245873279950626e-05,0.0,39739.0,-5.146737930235003e-05,0.0,0
0.10077050057432435,0.056636485995609,1143.0,16663.0,0.05225294589776879,-5.624587327996458e-05,0.0,39739.0,-5.146737930235003e-05,0.0,0
0.10025043353514727,0.056636485995609,1144.0,16663.0,0.05173287885859172,-5.6245873279976565e-05,0.0,39739.0,-5.146737930235003e-05,0.0,0
0.0997355421050159,0.056636485995609,1145.0,16663.0,0.05121798742846031,-5.6245873279926434e-05,0.0,39739.0,-5.146737930235003e-05,0.0,0
0.09922577470434381,0.056636485995609,1146.0,16663.0,0.05070822002778825,-5.624587327997725e-05,0.0,39739.0,-5.146737930235003e-05,0.0,0
0.09872108027451815,0.056636485995609,1147.0,16663.0,0.05020352559796255,-5.6245873279930995e-05,0.0,39739.0,-5.146737930235003e-05,0.0,0
0.09820536909469706,0.05662044681832823,1148.0,16667.0,0.04970385359542226,-5.624587327995478e-05,0.0,39739.0,-5.146737930235003e-05,0.0,0
0.0977066800294548,0.05661645736264162,1149.0,16668.0,0.049209153985866595,-5.62458732799282e-05,0.0,39739.0,-5.146737930235003e-05,0.0,0
0.09720897006886,0.05660852414932937,1150.0,16670.0,0.04871937723858404,-5.624587327992605e-05,0.0,39739.0,-5.146737930235003e-05,0.0,0
0.09672012877644694,0.056604585774605004,1151.0,16671.0,0.04823447432089538,-5.624587327997332e-05,0.0,39739.0,-5.146737930235003e-05,0.0,0
0.09622436710816641,0.05658890173451591,1152.0,16675.0,0.047754396692703954,-5.624587327996599e-05,0.0,39739.0,-5.146737930235003e-05,0.0,0
0.09573343115265882,0.056573266170565094,1153.0,16679.0,0.04727909630114714,-5.624587327991702e-05,0.0,39739.0,-5.146737930235003e-05,0.0,0
0.09525509299739233,0.056565498741102054,1154.0,16681.0,0.0468085255753437,-5.624587327995905e-05,0.0,39739.0,-5.146737930235003e-05,0.0,0
0.09476601769525271,0.056542311593074185,1155.0,16687.0,0.04634263742123197,-5.624587327996912e-05,0.0,39739.0,-5.146737930235003e-05,0.0,0
0.09427783991772319,0.05651538602028277,1156.0,16694.0,0.04588138521649385,-5.624587327997113e-05,0.0,39739.0,-5.146737930235003e-05,0.0,0
0.0938097002218221,0.05650390873531407,1157.0,16697.0,0.04542472280556145,-5.6245873279964775e-05,0.0,39739.0,-5.146737930235003e-05,0.0,0
0.09333854044893744,0.0564848672732895,1158.0,16702.0,0.044972604494701335,-5.6245873279931625e-05,0.0,39739.0,-5.146737930235003e-05,0.0,0
0.09288712532713074,0.05648107159901023,1159.0,16703.0,0.04452498504717394,-5.6245873279945774e-05,0.0,39739.0,-5.146737930235003e-05,0.0,0
0.09243263309895941,0.056469744739548605,1160.0,16706.0,0.04408181967846425,-5.624587327997783e-05,0.0,39739.0,-5.146737930235003e-05,0.0,0
0.09199012804926007,0.05646599531673225,1161.0,16707.0,0.04364306405158125,-5.62458732799688e-05,0.0,39739.0,-5.146737930235003e-05,0.0,0
0.09154827834276832,0.05645853538939866,1162.0,16709.0,0.04320867427242308,-5.624587327994444e-05,0.0,39739.0,-5.146737930235003e-05,0.0,0
0.09111449579540945,0.056454820229257206,1163.0,16710.0,0.042778606885205704,-5.624587327997652e-05,0.0,39739.0,-5.146737930235003e-05,0.0,0
0.09067023518912258,0.05643634764022323,1164.0,16715.0,0.042352818867952766,-5.624587327993862e-05,0.0,39739.0,-5.146737930235003e-05,0.0,0
0.09023765136397392,0.056425315054982904,1165.0,16718.0,0.04193126762804443,-5.624587327992476e-05,0.0,39739.0,-5.146737930235003e-05,0.0,0
0.08980564069577217,0.05641066101700226,1166.0,16722.0,0.04151391099782333,-5.624587327993614e-05,0.0,39739.0,-5.146737930235003e-05,0.0,0
0.08938878310659291,0.056407007195390525,1167.0,16723.0,0.0411007072302558,-5.6245873279937744e-05,0.0,39739.0,-5.146737930235003e-05,0.0,0
0.088968794886719,0.05639611121112547,1168.0,16726.0,0.04069161499464694,-5.624587327993202e-05,0.0,39739.0,-5.146737930235003e-05,0.0,0
0.08855294184468833,0.05638527979133426,1169.0,16729.0,0.040286593372407524,-5.624587327998069e-05,0.0,39739.0,-5.146737930235003e-05,0.0,0
0.08813755353829437,0.05637088300447589,1170.0,16733.0,0.03988560185287191,-5.6245873279951866e-05,0.0,39739.0,-5.146737930235003e-05,0.0,0
0.0877262271546422,0.05635655814453044,1171.0,16737.0,0.03948860032916521,-5.624587327995635e-05,0.0,39739.0,-5.146737930235003e-05,0.0,0
0.0873296089556629,0.05635299118059784,1172.0,16738.0,0.039095549094118484,-5.6245873279955654e-05,0.0,39739.0,-5.146737930235003e-05,0.0,0
0.08693337872095178,0.05634590120377393,1173.0,16740.0,0.0387064088362313,-5.624587327996206e-05,0.0,39739.0,-5.146737930235003e-05,0.0,0
0.08654811052040026,0.05634590120377393,1174.0,16740.0,0.03832114063567975,-5.624587327993352e-05,0.0,39739.0,-5.146737930235003e-05,0.0,0
0.08616667584509041,0.05634590120377393,1175.0,16740.0,0.03793970596036991,-5.6245873279947936e-05,0.0,39739.0,-5.146737930235003e-05,0.0,0
0.08577503222940148,0.05633189688642007,1176.0,16744.0,0.037562066662034835,-5.624587327993085e-05,0.0,39739.0,-5.146737930235003e-05,0.0,0
0.08539070214580992,0.056321448492488504,1177.0,16747.0,0.037188184972374874,-5.6245873279981566e-05,0.0,39739.0,-5.146737930235003e-05,0.0,0
0.08501707356005407,0.05631798137986711,1178.0,16748.0,0.03681802349924037,-5.624587327994381e-05,0.0,39739.0,-5.146737930235003e-05,0.0,0
0.08464713769374502,0.05631452378994293,1179.0,16749.0,0.036451545222855514,-5.62458732799575e-05,0.0,39739.0,-5.146737930235003e-05,0.0,0
0.08428087094303464,0.05631108877000487,1180.0,16750.0,0.036088713492083195,-5.624587327997322e-05,0.0,39739.0,-5.146737930235003e-05,0.0,0
0.08391480010646253,0.056304239404786134,1181.0,16752.0,0.035729492020729815,-5.624587327996817e-05,0.0,39739.0,-5.146737930235003e-05,0.0,0
0.0835421162224726,0.05628720265763667,1182.0,16757.0,0.035373844883889324,-5.6245873279946845e-05,0.0,39739.0,-5.146737930235003e-05,0.0,0
0.08318322606492058,0.056280420869647754,1183.0,16759.0,0.035021736514326225,-5.6245873279931334e-05,0.0,39739.0,-5.146737930235003e-05,0.0,0
0.08283124790466727,0.05627704752482422,1184.0,16760.0,0.03467313169889645,-5.624587327992636e-05,0.0,39739.0,-5.146737930235003e-05,0.0,0
0.08247601390007538,0.05626694964412293,1185.0,16763.0,0.034327995575005855,-5.6245873279938374e-05,0.0,39739.0,-5.146737930235003e-05,0.0,0
0.08213431195217528,0.05626694964412293,1186.0,16763.0,0.033986293627105806,-5.624587327996521e-05,0.0,39739.0,-5.146737930235003e-05,0.0,0
0.08179601000829446,0.05626694964412293,1187.0,16763.0,0.033647991683224965,-5.624587327996405e-05,0.0,39739.0,-5.146737930235003e-05,0.0,0
0.08146107423660673,0.05626694964412293,1188.0,16763.0,0.033313055911537236,-5.62458732799707e-05,0.0,39739.0,-5.146737930235003e-05,0.0,0
0.08112947114203445,0.05626694964412293,1189.0,16763.0,0.03298145281696494,-5.624587327995322e-05,0.0,39739.0,-5.146737930235003e-05,0.0,0
0.08080116756288669,0.05626694964412293,1190.0,16763.0,0.032653149237817196,-5.624587327995798e-05,0.0,39739.0,-5.146737930235003e-05,0.0,0
0.080476130667532,0.05626694964412293,1191.0,16763.0,0.032328112342462474,-5.624587327993949e-05,0.0,39739.0,-5.146737930235003e-05,0.0,0
0.08015432795110514,0.05626694964412293,1192.0,16763.0,0.03200630962603562,-5.624587327995429e-05,0.0,39739.0,-5.146737930235003e-05,0.0,0
0.0798357272322476,0.05626694964412293,1193.0,16763.0,0.031687708907178105,-5.624587327995104e-05,0.0,39739.0,-5.146737930235003e-05,0.0,0
0.07952029664988121,0.05626694964412293,1194.0,16763.0,0.03137227832481171,-5.624587327996123e-05,0.0,39739.0,-5.146737930235003e-05,0.0,0
0.07920800466001457,0.05626694964412293,1195.0,16763.0,0.03105998633494509,-5.624587327996725e-05,0.0,39739.0,-5.146737930235003e-05,0.0,0
0.07889882003258197,0.05626694964412293,1196.0,16763.0,0.030750801707512456,-5.62458732799443e-05,0.0,39739.0,-5.146737930235003e-05,0.0,0
0.07859271184831415,0.05626694964412293,1197.0,16763.0,0.030444693523244675,-5.6245873279974675e-05,0.0,39739.0,-5.146737930235003e-05,0.0,0
0.07828964949564113,0.05626694964412293,1198.0,16763.0,0.030141631170571597,-5.6245873279937866e-05,0.0,39739.0,-5.146737930235003e-05,0.0,0
0.07798960266762565,0.05626694964412293,1199.0,16763.0,0.02984158434255614,-5.6245873279939004e-05,0.0,39739.0,-5.146737930235003e-05,0.0,0
0.07769254135892838,0.05626694964412293,1200.0,16763.0,0.02954452303385887,-5.624587327995813e-05,0.0,39739.0,-5.146737930235003e-05,0.0,0
0.07739843586280304,0.05626694964412293,1201.0,16763.0,0.02925041753773355,-5.6245873279954244e-05,0.0,39739.0,-5.146737930235003e-05,0.0,0
0.07710725676812204,0.05626694964412293,1202.0,16763.0,0.028959238443052537,-5.6245873279962565e-05,0.0,39739.0,-5.146737930235003e-05,0.0,0
0.07681897495643211,0.05626694964412293,1203.0,16763.0,0.028670956631362605,-5.6245873279947834e-05,0.0,39739.0,-5.146737930235003e-05,0.0,0
0.07653356159903928,0.05626694964412293,1204.0,16763.0,0.028385543273969784,-5.624587327995635e-05,0.0,39739.0,-5.146737930235003e-05,0.0,0
0.0762509881541234,0.05626694964412293,1205.0,16763.0,0.02810296982905392,-5.62458732799672e-05,0.0,39739.0,-5.146737930235003e-05,0.0,0
0.07597122636388137,0.05626694964412293,1206.0,16763.0,0.027823208038811893,-5.624587327997016e-05,0.0,39739.0,-5.146737930235003e-05,0.0,0
0.0756942482516992,0.05626694964412293,1207.0,16763.0,0.027546229926629685,-5.6245873279943714e-05,0.0,39739.0,-5.146737930235003e-05,0.0,0
0.07542002611935207,0.05626694964412293,1208.0,16763.0,0.027272007794282564,-5.624587327996516e-05,0.0,39739.0,-5.146737930235003e-05,0.0,0
0.07514853254423302,0.05626694964412293,1209.0,16763.0,0.027000514219163496,-5.624587327992578e-05,0.0,39739.0,-5.146737930235003e-05,0.0,0
0.07487974037660863,0.05626694964412293,1210.0,16763.0,0.026731722051539154,-5.624587327998312e-05,0.0,39739.0,-5.146737930235003e-05,0.0,0
0.07461362273690295,0.05626694964412293,1211.0,16763.0,0.026465604411833456,-5.624587327995621e-05,0.0,39739.0,-5.146737930235003e-05,0.0,0
0.07435015301300768,0.05626694964412293,1212.0,16763.0,0.026202134687938194,-5.624587327996458e-05,0.0,39739.0,-5.146737930235003e-05,0.0,0
0.07408930485762012,0.05626694964412293,1213.0,16763.0,0.02594128653255065,-5.62458732799781e-05,0.0,39739.0,-5.146737930235003e-05,0.0,0
0.07383105218560714,0.05626694964412293,1214.0,16763.0,0.025683033860537618,-5.624587327994216e-05,0.0,39739.0,-5.146737930235003e-05,0.0,0
0.0735753691713955,0.05626694964412293,1215.0,16763.0,0.025427350846326018,-5.624587327997084e-05,0.0,39739.0,-5.146737930235003e-05,0.0,0
0.0733222302463887,0.05626694964412293,1216.0,16763.0,0.02517421192131923,-5.624587327997948e-05,0.0,39739.0,-5.146737930235003e-05,0.0,0
0.07307161009640908,0.05626694964412293,1217.0,16763.0,0.02492359177133957,-5.624587327994754e-05,0.0,39739.0,-5.146737930235003e-05,0.0,0
0.07282348365916547,0.05626694964412293,1218.0,16763.0,0.02467546533409596,-5.6245873279958174e-05,0.0,39739.0,-5.146737930235003e-05,0.0,0
0.07257782612174661,0.05626694964412293,1219.0,16763.0,0.024429807796677118,-5.624587327994871e-05,0.0,39739.0,-5.146737930235003e-05,0.0,0
0.07233461291813904,0.05626694964412293,1220.0,16763.0,0.024186594593069533,-5.6245873279944344e-05,0.0,39739.0,-5.146737930235003e-05,0.0,0
0.0720938197267699,0.05626694964412293,1221.0,16763.0,0.02394580140170041,-5.6245873279965405e-05,0.0,39739.0,-5.146737930235003e-05,0.0,0
0.07185542246807441,0.05626694964412293,1222.0,16763.0,0.023707404143004904,-5.624587327994245e-05,0.0,39739.0,-5.146737930235003e-05,0.0,0
0.07161939730208716,0.05626694964412293,1223.0,16763.0,0.023471378977017676,-5.624587327997992e-05,0.0,39739.0,-5.146737930235003e-05,0.0,0
0.0713857206260581,0.05626694964412293,1224.0,16763.0,0.0232377023009886,-5.624587327996533e-05,0.0,39739.0,-5.146737930235003e-05,0.0,0
0.07115436907209148,0.05626694964412293,1225.0,16763.0,0.023006350747021967,-5.624587327995541e-05,0.0,39739.0,-5.146737930235003e-05,0.0,0
0.07092531950480886,0.05626694964412293,1226.0,16763.0,0.02277730117973939,-5.624587327997584e-05,0.0,39739.0,-5.146737930235003e-05,0.0,0
0.07069854901903543,0.05626694964412293,1227.0,16763.0,0.022550530693965915,-5.624587327995024e-05,0.0,39739.0,-5.146737930235003e-05,0.0,0
0.0704740349375088,0.05626694964412293,1228.0,16763.0,0.02232601661243929,-5.62458732799443e-05,0.0,39739.0,-5.146737930235003e-05,0.0,0
0.0702517548086114,0.05626694964412293,1229.0,16763.0,0.022103736483541893,-5.624587327995856e-05,0.0,39739.0,-5.146737930235003e-05,0.0,0
0.07003168640412485,0.05626694964412293,1230.0,16763.0,0.021883668079055354,-5.624587327996143e-05,0.0,39739.0,-5.146737930235003e-05,0.0,0
0.069813807717007,0.05626694964412293,1231.0,16763.0,0.02166578939193753,-5.624587327998734e-05,0.0,39739.0,-5.146737930235003e-05,0.0,0
0.06959809695919106,0.05626694964412293,1232.0,16763.0,0.02145007863412155,-5.624587327996419e-05,0.0,39739.0,-5.146737930235003e-05,0.0,0
0.0693845325594064,0.05626694964412293,1233.0,16763.0,0.021236514234336902,-5.624587327996305e-05,0.0,39739.0,-5.146737930235003e-05,0.0,0
0.06917309316102156,0.05626694964412293,1234.0,16763.0,0.021025074835952055,-5.624587327995764e-05,0.0,39739.0,-5.146737930235003e-05,0.0,0
0.06896375761990822,0.05626694964412293,1235.0,16763.0,0.0208157392948387,-5.624587327994238e-05,0.0,39739.0,-5.146737930235003e-05,0.0,0
0.06875650500232666,0.05626694964412293,1236.0,16763.0,0.02060848667725717,-5.624587327996514e-05,0.0,39739.0,-5.146737930235003e-05,0.0,0
0.06855131458283241,0.05626694964412293,1237.0,16763.0,0.02040329625776292,-5.624587327997186e-05,0.0,39739.0,-5.146737930235003e-05,0.0,0
0.06834816584220346,0.05626694964412293,1238.0,16763.0,0.02020014751713395,-5.624587327995259e-05,0.0,39739.0,-5.146737930235003e-05,0.0,0
0.06814703846538814,0.05626694964412293,1239.0,16763.0,0.01999902014031865,-5.6245873279970595e-05,0.0,39739.0,-5.146737930235003e-05,0.0,0
0.06794791233947381,0.05626694964412293,1240.0,16763.0,0.01979989401440431,-5.624587327994473e-05,0.0,39739.0,-5.146737930235003e-05,0.0,0
0.06775076755167514,0.05626694964412293,1241.0,16763.0,0.019602749226605633,-5.6245873279950605e-05,0.0,39739.0,-5.146737930235003e-05,0.0,0
0.06755558438734295,0.05626694964412293,1242.0,16763.0,0.019407566062273476,-5.62458732799862e-05,0.0,39739.0,-5.146737930235003e-05,0.0,0
0.06736234332799271,0.05626694964412293,1243.0,16763.0,0.019214325002923215,-5.624587327997475e-05,0.0,39739.0,-5.146737930235003e-05,0.0,0
0.0671710250493524,0.05626694964412293,1244.0,16763.0,0.019023006724282917,-5.624587327996846e-05,0.0,39739.0,-5.146737930235003e-05,0.0,0
0.06698161041943024,0.05626694964412293,1245.0,16763.0,0.018833592094360745,-5.6245873279967905e-05,0.0,39739.0,-5.146737930235003e-05,0.0,0
0.0667940804966013,0.05626694964412293,1246.0,16763.0,0.018646062171531794,-5.624587327996218e-05,0.0,39739.0,-5.146737930235003e-05,0.0,0
0.06660841652771328,0.05626694964412293,1247.0,16763.0,0.018460398202643793,-5.624587327997504e-05,0.0,39739.0,-5.146737930235003e-05,0.0,0
0.06642459994621128,0.05626694964412293,1248.0,16763.0,0.01827658162114179,-5.6245873279973435e-05,0.0,39739.0,-5.146737930235003e-05,0.0,0
0.06624261237028094,0.05626694964412293,1249.0,16763.0,0.018094594045211423,-5.6245873279951425e-05,0.0,39739.0,-5.146737930235003e-05,0.0,0
0.06606243560101023,0.05626694964412293,1250.0,16763.0,0.017914417275940713,-5.624587327995458e-05,0.0,39739.0,-5.146737930235003e-05,0.0,0
0.0658840516205696,0.05626694964412293,1251.0,16763.0,0.017736033295500105,-5.624587327997562e-05,0.0,39739.0,-5.146737930235003e-05,0.0,0
0.06570744259041014,0.05626694964412293,1252.0,16763.0,0.01755942426534065,-5.624587327997679e-05,0.0,39739.0,-5.146737930235003e-05,0.0,0
0.06553259084947963,0.05626694964412293,1253.0,16763.0,0.017384572524410134,-5.624587327996055e-05,0.0,39739.0,-5.146737930235003e-05,0.0,0
0.06535947891245641,0.05626694964412293,1254.0,16763.0,0.017211460587386915,-5.6245873279965235e-05,0.0,39739.0,-5.146737930235003e-05,0.0,0
0.06518808946800086,0.05626694964412293,1255.0,16763.0,0.01704007114293137,-5.62458732799713e-05,0.0,39739.0,-5.146737930235003e-05,0.0,0
0.06501840537702422,0.05626694964412293,1256.0,16763.0,0.016870387051954722,-5.62458732799755e-05,0.0,39739.0,-5.146737930235003e-05,0.0,0
0.06485040967097462,0.05626694964412293,1257.0,16763.0,0.016702391345905114,-5.6245873279953756e-05,0.0,39739.0,-5.146737930235003e-05,0.0,0
0.06468408555014019,0.05626694964412293,1258.0,16763.0,0.01653606722507071,-5.6245873279978944e-05,0.0,39739.0,-5.146737930235003e-05,0.0,0
0.06451941638196922,0.05626694964412293,1259.0,16763.0,0.016371398056899713,-5.624587327995963e-05,0.0,39739.0,-5.146737930235003e-05,0.0,0
0.06435638569940658,0.05626694964412293,1260.0,16763.0,0.016208367374337066,-5.624587327995946e-05,0.0,39739.0,-5.146737930235003e-05,0.0,0
0.06419497719924726,0.05626694964412293,1261.0,16763.0,0.01604695887417775,-5.624587327995004e-05,0.0,39739.0,-5.146737930235003e-05,0.0,0
0.0640351747405059,0.05626694964412293,1262.0,16763.0,0.01588715641543641,-5.6245873279972296e-05,0.0,39739.0,-5.146737930235003e-05,0.0,0
0.06387696234280278,0.05626694964412293,1263.0,16763.0,0.015728944017733254,-5.6245873279941966e-05,0.0,39739.0,-5.146737930235003e-05,0.0,0
0.06372032418476549,0.05626694964412293,1264.0,16763.0,0.015572305859696007,-5.624587327998067e-05,0.0,39739.0,-5.146737930235003e-05,0.0,0
0.06356524460244721,0.05626694964412293,1265.0,16763.0,0.015417226277377702,-5.6245873279950436e-05,0.0,39739.0,-5.146737930235003e-05,0.0,0
0.06341170808775985,0.05626694964412293,1266.0,16763.0,0.015263689762690338,-5.624587327994932e-05,0.0,39739.0,-5.146737930235003e-05,0.0,0
0.06325969928692349,0.05626694964412293,1267.0,16763.0,0.015111680961853988,-5.6245873279960404e-05,0.0,39739.0,-5.146737930235003e-05,0.0,0
0.06310920299893095,0.05626694964412293,1268.0,16763.0,0.014961184673861443,-5.624587327995745e-05,0.0,39739.0,-5.146737930235003e-05,0.0,0
0.06296020417402758,0.05626694964412293,1269.0,16763.0,0.014812185848958074,-5.6245873279959e-05,0.0,39739.0,-5.146737930235003e-05,0.0,0
0.06281268791220639,0.05626694964412293,1270.0,16763.0,0.014664669587136869,-5.6245873279943226e-05,0.0,39739.0,-5.146737930235003e-05,0.0,0
0.0626666394617179,0.05626694964412293,1271.0,16763.0,0.01451862113664837,-5.6245873279931144e-05,0.0,39739.0,-5.146737930235003e-05,0.0,0
0.06252204421759501,0.05626694964412293,1272.0,16763.0,0.01437402589252552,-5.624587327996201e-05,0.0,39739.0,-5.146737930235003e-05,0.0,0
0.06237888772019261,0.05626694964412293,1273.0,16763.0,0.014230869395123124,-5.624587327996921e-05,0.0,39739.0,-5.146737930235003e-05,0.0,0
0.06223715565374141,0.05626694964412293,1274.0,16763.0,0.014089137328671907,-5.6245873279955505e-05,0.0,39739.0,-5.146737930235003e-05,0.0,0
0.06209683384491639,0.05626694964412293,1275.0,16763.0,0.013948815519846891,-5.6245873279977466e-05,0.0,39739.0,-5.146737930235003e-05,0.0,0
0.061957908261419566,0.05626694964412293,1276.0,16763.0,0.013809889936350059,-5.624587327996218e-05,0.0,39739.0,-5.146737930235003e-05,0.0,0
0.06182036501057659,0.05626694964412293,1277.0,16763.0,0.013672346685507092,-5.624587327996385e-05,0.0,39739.0,-5.146737930235003e-05,0.0,0
0.06168419033794762,0.05626694964412293,1278.0,16763.0,0.01353617201287812,-5.624587327996938e-05,0.0,39739.0,-5.146737930235003e-05,0.0,0
0.061549370625951755,0.05626694964412293,1279.0,16763.0,0.013401352300882262,-5.624587327997099e-05,0.0,39739.0,-5.146737930235003e-05,0.0,0
0.06141589239250533,0.05626694964412293,1280.0,16763.0,0.013267874067435823,-5.624587327995521e-05,0.0,39739.0,-5.146737930235003e-05,0.0,0
0.06128374228967358,0.05626694964412293,1281.0,16763.0,0.013135723964604102,-5.624587327998259e-05,0.0,39739.0,-5.146737930235003e-05,0.0,0
0.06115290710233607,0.05626694964412293,1282.0,16763.0,0.013004888777266587,-5.6245873279973075e-05,0.0,39739.0,-5.146737930235003e-05,0.0,0
0.06102337374686491,0.05626694964412293,1283.0,16763.0,0.012875355421795395,-5.624587327995827e-05,0.0,39739.0,-5.146737930235003e-05,0.0,0
0.06089512926981646,0.05626694964412293,1284.0,16763.0,0.012747110944746972,-5.624587327996829e-05,0.0,39739.0,-5.146737930235003e-05,0.0,0
0.06076816084663615,0.05626694964412293,1285.0,16763.0,0.012620142521566633,-5.624587327993658e-05,0.0,39739.0,-5.146737930235003e-05,0.0,0
0.060642455780375706,0.05626694964412293,1286.0,16763.0,0.01249443745530619,-5.624587327994992e-05,0.0,39739.0,-5.146737930235003e-05,0.0,0
0.060518001500423704,0.05626694964412293,1287.0,16763.0,0.012369983175354196,-5.6245873279960384e-05,0.0,39739.0,-5.146737930235003e-05,0.0,0
0.06039478556124839,0.05626694964412293,1288.0,16763.0,0.01224676723617888,-5.624587327996278e-05,0.0,39739.0,-5.146737930235003e-05,0.0,0
0.060272795641153086,0.05626694964412293,1289.0,16763.0,0.012124777316083584,-5.6245873279967106e-05,0.0,39739.0,-5.146737930235003e-05,0.0,0
0.06015201954104409,0.05626694964412293,1290.0,16763.0,0.012004001215974598,-5.624587327996402e-05,0.0,39739.0,-5.146737930235003e-05,0.0,0
0.060032445183210686,0.05626694964412293,1291.0,16763.0,0.011884426858141202,-5.624587327997581e-05,0.0,39739.0,-5.146737930235003e-05,0.0,0
0.05991406061011745,0.05626694964412293,1292.0,16763.0,0.011766042285047946,-5.6245873279965554e-05,0.0,39739.0,-5.146737930235003e-05,0.0,0
0.05979685398320833,0.05626694964412293,1293.0,16763.0,0.011648835658138824,-5.624587327995131e-05,0.0,39739.0,-5.146737930235003e-05,0.0,0
0.05968081358172292,0.05626694964412293,1294.0,16763.0,0.011532795256653433,-5.624587327996786e-05,0.0,39739.0,-5.146737930235003e-05,0.0,0
0.0595659278015244,0.05626694964412293,1295.0,16763.0,0.011417909476454895,-5.624587327995531e-05,0.0,39739.0,-5.146737930235003e-05,0.0,0
0.05945218515393892,0.05626694964412293,1296.0,16763.0,0.011304166828869436,-5.624587327997931e-05,0.0,39739.0,-5.146737930235003e-05,0.0,0
0.05933957426460696,0.05626694964412293,1297.0,16763.0,0.01119155593953746,-5.62458732799738e-05,0.0,39739.0,-5.146737930235003e-05,0.0,0
0.05922808387234571,0.05626694964412293,1298.0,16763.0,0.011080065547276198,-5.624587327995662e-05,0.0,39739.0,-5.146737930235003e-05,0.0,0
0.05911770282802297,0.05626694964412293,1299.0,16763.0,0.010969684502953476,-5.624587327996385e-05,0.0,39739.0,-5.146737930235003e-05,0.0,0
0.059008420093442364,0.05626694964412293,1300.0,16763.0,0.010860401768372862,-5.624587327996669e-05,0.0,39739.0,-5.146737930235003e-05,0.0,0
0.058900224740239315,0.05626694964412293,1301.0,16763.0,0.010752206415169824,-5.624587327996817e-05,0.0,39739.0,-5.146737930235003e-05,0.0,0
0.05879310594878833,0.05626694964412293,1302.0,16763.0,0.010645087623718847,-5.6245873279973414e-05,0.0,39739.0,-5.146737930235003e-05,0.0,0
0.05868705300712101,0.05626694964412293,1303.0,16763.0,0.010539034682051506,-5.624587327996118e-05,0.0,39739.0,-5.146737930235003e-05,0.0,0
0.058582055309854754,0.05626694964412293,1304.0,16763.0,0.010434036984785261,-5.6245873279973265e-05,0.0,39739.0,-5.146737930235003e-05,0.0,0
0.05847810235713237,0.05626694964412293,1305.0,16763.0,0.010330084032062859,-5.6245873279951866e-05,0.0,39739.0,-5.146737930235003e-05,0.0,0
0.0583751837535719,0.05626694964412293,1306.0,16763.0,0.010227165428502409,-5.6245873279956474e-05,0.0,39739.0,-5.146737930235003e-05,0.0,0
0.05827328920722724,0.05626694964412293,1307.0,16763.0,0.010125270882157757,-5.624587327997123e-05,0.0,39739.0,-5.146737930235003e-05,0.0,0
0.05817240852855886,0.05626694964412293,1308.0,16763.0,0.010024390203489357,-5.624587327996191e-05,0.0,39739.0,-5.146737930235003e-05,0.0,0
0.058072531629414774,0.05626694964412293,1309.0,16763.0,0.00992451330434528,-5.6245873279970744e-05,0.0,39739.0,-5.146737930235003e-05,0.0,0
0.05797364852202187,0.05626694964412293,1310.0,16763.0,0.009825630196952354,-5.624587327994281e-05,0.0,39739.0,-5.146737930235003e-05,0.0,0
0.05787574931798695,0.05626694964412293,1311.0,16763.0,0.009727730992917443,-5.624587327995274e-05,0.0,39739.0,-5.146737930235003e-05,0.0,0
0.05777882422730803,0.05626694964412293,1312.0,16763.0,0.009630805902238549,-5.624587327998091e-05,0.0,39739.0,-5.146737930235003e-05,0.0,0
0.05768286355739533,0.05626694964412293,1313.0,16763.0,0.00953484523232583,-5.624587327995965e-05,0.0,39739.0,-5.146737930235003e-05,0.0,0
0.05758785771210183,0.05626694964412293,1314.0,16763.0,0.009439839387032321,-5.624587327995929e-05,0.0,39739.0,-5.146737930235003e-05,0.0,0
0.05749379719076383,0.05626694964412293,1315.0,16763.0,0.009345778865694324,-5.624587327996186e-05,0.0,39739.0,-5.146737930235003e-05,0.0,0
0.057400672587250824,0.05626694964412293,1316.0,16763.0,0.009252654262181309,-5.6245873279958005e-05,0.0,39739.0,-5.146737930235003e-05,0.0,0
0.05730847458902484,0.05626694964412293,1317.0,16763.0,0.009160456263955327,-5.6245873279941186e-05,0.0,39739.0,-5.146737930235003e-05,0.0,0
0.0572171939762092,0.05626694964412293,1318.0,16763.0,0.009069175651139703,-5.624587327995796e-05,0.0,39739.0,-5.146737930235003e-05,0.0,0
0.057126821620666596,0.05626694964412293,1319.0,16763.0,0.008978803295597105,-5.6245873279974824e-05,0.0,39739.0,-5.146737930235003e-05,0.0,0
0.057037348485086146,0.05626694964412293,1320.0,16763.0,0.008889330160016652,-5.624587327997458e-05,0.0,39739.0,-5.146737930235003e-05,0.0,0
0.056948765622079726,0.05626694964412293,1321.0,16763.0,0.008800747297010227,-5.6245873279953275e-05,0.0,39739.0,-5.146737930235003e-05,0.0,0
0.056861064173287214,0.05626694964412293,1322.0,16763.0,0.008713045848217702,-5.6245873279950456e-05,0.0,39739.0,-5.146737930235003e-05,0.0,0
0.056774235368490605,0.05626694964412293,1323.0,16763.0,0.008626217043421125,-5.624587327998368e-05,0.0,39739.0,-5.146737930235003e-05,0.0,0
0.056688270524737155,0.05626694964412293,1324.0,16763.0,0.00854025219966765,-5.6245873279952374e-05,0.0,39739.0,-5.146737930235003e-05,0.0,0
0.05660316104547075,0.05626694964412293,1325.0,16763.0,0.008455142720401257,-5.6245873279974214e-05,0.0,39739.0,-5.146737930235003e-05,0.0,0
0.056518898419672614,0.05626694964412293,1326.0,16763.0,0.008370880094603106,-5.624587327995475e-05,0.0,39739.0,-5.146737930235003e-05,0.0,0
0.05643547422100987,0.05626694964412293,1327.0,16763.0,0.00828745589594038,-5.6245873279980767e-05,0.0,39739.0,-5.146737930235003e-05,0.0,0
0.05635288010699319,0.05626694964412293,1328.0,16763.0,0.008204861781923705,-5.624587327996737e-05,0.0,39739.0,-5.146737930235003e-05,0.0,0
0.056271107818142346,0.05626694964412293,1329.0,16763.0,0.008123089493072845,-5.6245873279957544e-05,0.0,39739.0,-5.146737930235003e-05,0.0,0
0.05619014917716026,0.05626694964412293,1330.0,16763.0,0.008042130852090771,-5.6245873279969674e-05,0.0,39739.0,-5.146737930235003e-05,0.0,0
0.0561099960881154,0.05626694964412293,1331.0,16763.0,0.007961977763045915,-5.624587327998322e-05,0.0,39739.0,-5.146737930235003e-05,0.0,0
0.05603064053563209,0.05626694964412293,1332.0,16763.0,0.007882622210562577,-5.6245873279959245e-05,0.0,39739.0,-5.146737930235003e-05,0.0,0
0.05595207458408887,0.05626694964412293,1333.0,16763.0,0.007804056259019382,-5.624587327997885e-05,0.0,39739.0,-5.146737930235003e-05,0.0,0
0.055874290376825196,0.05626694964412293,1334.0,16763.0,0.007726272051755706,-5.624587327997972e-05,0.0,39739.0,-5.146737930235003e-05,0.0,0
0.05579728013535548,0.05626694964412293,1335.0,16763.0,0.007649261810285997,-5.6245873279973265e-05,0.0,39739.0,-5.146737930235003e-05,0.0,0
0.05572103615859142,0.05626694964412293,1336.0,16763.0,0.0075730178335219256,-5.624587327996278e-05,0.0,39739.0,-5.146737930235003e-05,0.0,0
0.05564555082207178,0.05626694964412293,1337.0,16763.0,0.007497532497002292,-5.624587327997676e-05,0.0,39739.0,-5.146737930235003e-05,0.0,0
0.055570816577200026,0.05626694964412293,1338.0,16763.0,0.0074227982521305295,-5.6245873279976714e-05,0.0,39739.0,-5.146737930235003e-05,0.0,0
0.05549682595048937,0.05626694964412293,1339.0,16763.0,0.007348807625419875,-5.6245873279970406e-05,0.0,39739.0,-5.146737930235003e-05,0.0,0
0.0554235715428155,0.05626694964412293,1340.0,16763.0,0.007275553217746001,-5.6245873279960966e-05,0.0,39739.0,-5.146737930235003e-05,0.0,0
0.05535104602867659,0.05626694964412293,1341.0,16763.0,0.007203027703607087,-5.6245873279959265e-05,0.0,39739.0,-5.146737930235003e-05,0.0,0
0.05527924215546079,0.05626694964412293,1342.0,16763.0,0.007131223830391285,-5.624587327995449e-05,0.0,39739.0,-5.146737930235003e-05,0.0,0
0.05520815274272093,0.05626694964412293,1343.0,16763.0,0.007060134417651438,-5.624587327996295e-05,0.0,39739.0,-5.146737930235003e-05,0.0,0
0.05513777068145652,0.05626694964412293,1344.0,16763.0,0.006989752356387028,-5.6245873279976396e-05,0.0,39739.0,-5.146737930235003e-05,0.0,0
0.055068088933402766,0.05626694964412293,1345.0,16763.0,0.006920070608333271,-5.624587327997579e-05,0.0,39739.0,-5.146737930235003e-05,0.0,0
0.0549991005303268,0.05626694964412293,1346.0,16763.0,0.006851082205257306,-5.624587327997518e-05,0.0,39739.0,-5.146737930235003e-05,0.0,0
0.054930798573330816,0.05626694964412293,1347.0,16763.0,0.006782780248261327,-5.6245873279968705e-05,0.0,39739.0,-5.146737930235003e-05,0.0,0
0.05486317623216222,0.05626694964412293,1348.0,16763.0,0.0067151579070927146,-5.624587327996026e-05,0.0,39739.0,-5.146737930235003e-05,0.0,0
0.05479622674453048,0.05626694964412293,1349.0,16763.0,0.006648208419460997,-5.6245873279980936e-05,0.0,39739.0,-5.146737930235003e-05,0.0,0
0.05472994341543114,0.05626694964412293,1350.0,16763.0,0.006581925090361629,-5.6245873279966496e-05,0.0,39739.0,-5.146737930235003e-05,0.0,0
0.05466431961647594,0.05626694964412293,1351.0,16763.0,0.006516301291406465,-5.6245873279996176e-05,0.0,39739.0,-5.146737930235003e-05,0.0,0
0.054599348785230414,0.05626694964412293,1352.0,16763.0,0.006451330460160909,-5.6245873279948125e-05,0.0,39739.0,-5.146737930235003e-05,0.0,0
0.0545350244245572,0.05626694964412293,1353.0,16763.0,0.006387006099487706,-5.624587327996608e-05,0.0,39739.0,-5.146737930235003e-05,0.0,0
0.05447134010196667,0.05626694964412293,1354.0,16763.0,0.0063233217768971835,-5.624587327996856e-05,0.0,39739.0,-5.146737930235003e-05,0.0,0
0.054408289448973496,0.05626694964412293,1355.0,16763.0,0.0062602711239039995,-5.624587327996946e-05,0.0,39739.0,-5.146737930235003e-05,0.0,0
0.05434586616045983,0.05626694964412293,1356.0,16763.0,0.006197847835390329,-5.624587327996589e-05,0.0,39739.0,-5.146737930235003e-05,0.0,0
0.05428406399404478,0.05626694964412293,1357.0,16763.0,0.0061360456689752915,-5.624587327998084e-05,0.0,39739.0,-5.146737930235003e-05,0.0,0
0.05422287676946024,0.05626694964412293,1358.0,16763.0,0.006074858444390747,-5.6245873279965744e-05,0.0,39739.0,-5.146737930235003e-05,0.0,0
0.05416229836793275,0.05626694964412293,1359.0,16763.0,0.006014280042863244,-5.6245873279962376e-05,0.0,39739.0,-5.146737930235003e-05,0.0,0
0.05410232273157165,0.05626694964412293,1360.0,16763.0,0.005954304406502148,-5.624587327996608e-05,0.0,39739.0,-5.146737930235003e-05,0.0,0
0.05404294386276336,0.05626694964412293,1361.0,16763.0,0.0058949255376938466,-5.624587327996092e-05,0.0,39739.0,-5.146737930235003e-05,0.0,0
0.053984155823571474,0.05626694964412293,1362.0,16763.0,0.005836137498501972,-5.6245873279968515e-05,0.0,39739.0,-5.146737930235003e-05,0.0,0
0.05392595273514311,0.05626694964412293,1363.0,16763.0,0.005777934410073625,-5.6245873279977805e-05,0.0,39739.0,-5.146737930235003e-05,0.0,0
0.05386832877712094,0.05626694964412293,1364.0,16763.0,0.005720310452051447,-5.624587327996754e-05,0.0,39739.0,-5.146737930235003e-05,0.0,0
0.05381127818706111,0.05626694964412293,1365.0,16763.0,0.005663259861991625,-5.624587327998445e-05,0.0,39739.0,-5.146737930235003e-05,0.0,0
0.0537547952598571,0.05626694964412293,1366.0,16763.0,0.005606776934787599,-5.624587327995541e-05,0.0,39739.0,-5.146737930235003e-05,0.0,0
0.05369887434716908,0.05626694964412293,1367.0,16763.0,0.005550856022099592,-5.624587327997329e-05,0.0,39739.0,-5.146737930235003e-05,0.0,0
0.05364350985685923,0.05626694964412293,1368.0,16763.0,0.005495491531789726,-5.624587327995609e-05,0.0,39739.0,-5.146737930235003e-05,0.0,0
0.05358869625243234,0.05626694964412293,1369.0,16763.0,0.005440677927362839,-5.624587327996764e-05,0.0,39739.0,-5.146737930235003e-05,0.0,0
0.0535344280524823,0.05626694964412293,1370.0,16763.0,0.005386409727412805,-5.624587327997249e-05,0.0,39739.0,-5.146737930235003e-05,0.0,0
0.0534806998301439,0.05626694964412293,1371.0,16763.0,0.005332681505074407,-5.6245873279968197e-05,0.0,39739.0,-5.146737930235003e-05,0.0,0
0.05342750621255013,0.05626694964412293,1372.0,16763.0,0.005279487887480638,-5.624587327998249e-05,0.0,39739.0,-5.146737930235003e-05,0.0,0
0.053374841880294906,0.05626694964412293,1373.0,16763.0,0.005226823555225412,-5.624587327996106e-05,0.0,39739.0,-5.146737930235003e-05,0.0,0
0.053322701566901116,0.05626694964412293,1374.0,16763.0,0.005174683241831614,-5.624587327996286e-05,0.0,39739.0,-5.146737930235003e-05,0.0,0
0.05327108005829395,0.05626694964412293,1375.0,16763.0,0.005123061733224454,-5.624587327997123e-05,0.0,39739.0,-5.146737930235003e-05,0.0,0
0.053219972192279544,0.05626694964412293,1376.0,16763.0,0.005071953867210055,-5.624587327998358e-05,0.0,39739.0,-5.146737930235003e-05,0.0,0
0.05316937285802872,0.05626694964412293,1377.0,16763.0,0.005021354532959224,-5.6245873279984236e-05,0.0,39739.0,-5.146737930235003e-05,0.0,0
0.05311927699556587,0.05626694964412293,1378.0,16763.0,0.00497125867049637,-5.624587327996261e-05,0.0,39739.0,-5.146737930235003e-05,0.0,0
0.053069679595263,0.05626694964412293,1379.0,16763.0,0.0049216612701935,-5.6245873279963975e-05,0.0,39739.0,-5.146737930235003e-05,0.0,0
0.05302057569733875,0.05626694964412293,1380.0,16763.0,0.004872557372269254,-5.6245873279963636e-05,0.0,39739.0,-5.146737930235003e-05,0.0,0
0.05297196039136241,0.05626694964412293,1381.0,16763.0,0.004823942066292917,-5.624587327998043e-05,0.0,39739.0,-5.146737930235003e-05,0.0,0
0.05292382881576289,0.05626694964412293,1382.0,16763.0,0.004775810490693381,-5.62458732799589e-05,0.0,39739.0,-5.146737930235003e-05,0.0,0
0.05287617615734246,0.05626694964412293,1383.0,16763.0,0.004728157832272979,-5.624587327998448e-05,0.0,39739.0,-5.146737930235003e-05,0.0,0
0.052828997650795656,0.05626694964412293,1384.0,16763.0,0.004680979325726146,-5.6245873279945774e-05,0.0,39739.0,-5.146737930235003e-05,0.0,0
0.05278228857823242,0.05626694964412293,1385.0,16763.0,0.004634270253162921,-5.6245873279974044e-05,0.0,39739.0,-5.146737930235003e-05,0.0,0
0.05273604426870663,0.05626694964412293,1386.0,16763.0,0.004588025943637126,-5.6245873279953756e-05,0.0,39739.0,-5.146737930235003e-05,0.0,0
0.05269026009774876,0.05626694964412293,1387.0,16763.0,0.004542241772679268,-5.6245873279963656e-05,0.0,39739.0,-5.146737930235003e-05,0.0,0
0.05264493148690359,0.05626694964412293,1388.0,16763.0,0.0044969131618340956,-5.6245873279974336e-05,0.0,39739.0,-5.146737930235003e-05,0.0,0
0.052600053903272256,0.05626694964412293,1389.0,16763.0,0.004452035578202749,-5.624587327996065e-05,0.0,39739.0,-5.146737930235003e-05,0.0,0
0.052555622859058966,0.05626694964412293,1390.0,16763.0,0.004407604533989474,-5.6245873279969674e-05,0.0,39739.0,-5.146737930235003e-05,0.0,0
0.05251163391112231,0.05626694964412293,1391.0,16763.0,0.004363615586052821,-5.6245873279961475e-05,0.0,39739.0,-5.146737930235003e-05,0.0,0
0.05246808266053082,0.05626694964412293,1392.0,16763.0,0.0043200643354613325,-5.6245873279986127e-05,0.0,39739.0,-5.146737930235003e-05,0.0,0
0.052424964752123146,0.05626694964412293,1393.0,16763.0,0.00427694642705366,-5.6245873279972296e-05,0.0,39739.0,-5.146737930235003e-05,0.0,0
0.05238227587407254,0.05626694964412293,1394.0,16763.0,0.004234257549003034,-5.624587327996531e-05,0.0,39739.0,-5.146737930235003e-05,0.0,0
0.052340011757455555,0.05626694964412293,1395.0,16763.0,0.004191993432386075,-5.624587327998295e-05,0.0,39739.0,-5.146737930235003e-05,0.0,0
0.0522981681758254,0.05626694964412293,1396.0,16763.0,0.004150149850755895,-5.624587327996198e-05,0.0,39739.0,-5.146737930235003e-05,0.0,0
0.052256740944788965,0.05626694964412293,1397.0,16763.0,0.00410872261971947,-5.624587327998166e-05,0.0,39739.0,-5.146737930235003e-05,0.0,0
0.05221572592158865,0.05626694964412293,1398.0,16763.0,0.004067707596519166,-5.624587327998982e-05,0.0,39739.0,-5.146737930235003e-05,0.0,0
0.05217511900468797,0.05626694964412293,1399.0,16763.0,0.00402710067961849,-5.624587327999025e-05,0.0,39739.0,-5.146737930235003e-05,0.0,0
0.05213491613336141,0.05626694964412293,1400.0,16763.0,0.003986897808291907,-5.624587327996441e-05,0.0,39739.0,-5.146737930235003e-05,0.0,0
0.052095113287288275,0.05626694964412293,1401.0,16763.0,0.003947094962218786,-5.624587327998426e-05,0.0,39739.0,-5.146737930235003e-05,0.0,0
0.05205570648615085,0.05626694964412293,1402.0,16763.0,0.003907688161081347,-5.624587327997397e-05,0.0,39739.0,-5.146737930235003e-05,0.0,0
0.05201669178923613,0.05626694964412293,1403.0,16763.0,0.003868673464166641,-5.624587327997395e-05,0.0,39739.0,-5.146737930235003e-05,0.0,0
0.05197806529504194,0.05626694964412293,1404.0,16763.0,0.0038300469699724627,-5.6245873279994814e-05,0.0,39739.0,-5.146737930235003e-05,0.0,0
0.0519398231408867,0.05626694964412293,1405.0,16763.0,0.0037918048158171965,-5.624587327996458e-05,0.0,39739.0,-5.146737930235003e-05,0.0,0
0.051901961502523054,0.05626694964412293,1406.0,16763.0,0.0037539431774535736,-5.624587327999613e-05,0.0,39739.0,-5.146737930235003e-05,0.0,0
0.05186447659375568,0.05626694964412293,1407.0,16763.0,0.003716458268686194,-5.624587327996482e-05,0.0,39739.0,-5.146737930235003e-05,0.0,0
0.05182736466606245,0.05626694964412293,1408.0,16763.0,0.003679346340992949,-5.6245873279966957e-05,0.0,39739.0,-5.146737930235003e-05,0.0,0
0.051790622008219635,0.05626694964412293,1409.0,16763.0,0.003642603683150139,-5.624587327995856e-05,0.0,39739.0,-5.146737930235003e-05,0.0,0
0.05175424494593085,0.05626694964412293,1410.0,16763.0,0.003606226620861359,-5.624587327997518e-05,0.0,39739.0,-5.146737930235003e-05,0.0,0
0.05171822984145958,0.05626694964412293,1411.0,16763.0,0.00357021151639007,-5.6245873279952665e-05,0.0,39739.0,-5.146737930235003e-05,0.0,0
0.05168257309326532,0.05626694964412293,1412.0,16763.0,0.0035345547681958174,-5.624587327995696e-05,0.0,39739.0,-5.146737930235003e-05,0.0,0
0.051647271135643553,0.05626694964412293,1413.0,16763.0,0.0034992528105740554,-5.624587327997909e-05,0.0,39739.0,-5.146737930235003e-05,0.0,0
0.05161232043836909,0.05626694964412293,1414.0,16763.0,0.0034643021132996156,-5.6245873279990836e-05,0.0,39739.0,-5.146737930235003e-05,0.0,0
0.051577717506343115,0.05626694964412293,1415.0,16763.0,0.003429699181273634,-5.6245873279988315e-05,0.0,39739.0,-5.146737930235003e-05,0.0,0
0.05154345887924357,0.05626694964412293,1416.0,16763.0,0.0033954405541740808,-5.6245873279968976e-05,0.0,39739.0,-5.146737930235003e-05,0.0,0
0.05150954113117918,0.05626694964412293,1417.0,16763.0,0.00336152280610969,-5.624587327998307e-05,0.0,39739.0,-5.146737930235003e-05,0.0,0
0.0514759608703469,0.05626694964412293,1418.0,16763.0,0.0033279425452773935,-5.624587327996419e-05,0.0,39739.0,-5.146737930235003e-05,0.0,0
0.05144271473869262,0.05626694964412293,1419.0,16763.0,0.0032946964136231294,-5.6245873279970744e-05,0.0,39739.0,-5.146737930235003e-05,0.0,0
0.05140979941157552,0.05626694964412293,1420.0,16763.0,0.0032617810865060185,-5.6245873279965405e-05,0.0,39739.0,-5.146737930235003e-05,0.0,0
0.05137721159743543,0.05626694964412293,1421.0,16763.0,0.003229193272365925,-5.624587327997147e-05,0.0,39739.0,-5.146737930235003e-05,0.0,0
0.05134494803746377,0.05626694964412293,1422.0,16763.0,0.0031969297123942727,-5.624587327997773e-05,0.0,39739.0,-5.146737930235003e-05,0.0,0
0.05131300550527767,0.05626694964412293,1423.0,16763.0,0.0031649871802081884,-5.624587327998761e-05,0.0,39739.0,-5.146737930235003e-05,0.0,0
0.051281380806597325,0.05626694964412293,1424.0,16763.0,0.0031333624815278217,-5.6245873279965066e-05,0.0,39739.0,-5.146737930235003e-05,0.0,0
0.05125007077892646,0.05626694964412293,1425.0,16763.0,0.0031020524538569625,-5.624587327997169e-05,0.0,39739.0,-5.146737930235003e-05,0.0,0
0.051219072291236234,0.05626694964412293,1426.0,16763.0,0.0030710539661667445,-5.624587327997778e-05,0.0,39739.0,-5.146737930235003e-05,0.0,0
0.05118838224365205,0.05626694964412293,1427.0,16763.0,0.00304036391858257,-5.624587327999013e-05,0.0,39739.0,-5.146737930235003e-05,0.0,0
0.051157997567143586,0.05626694964412293,1428.0,16763.0,0.0030099792420741,-5.624587327998761e-05,0.0,39739.0,-5.146737930235003e-05,0.0,0
0.051127915223217864,0.05626694964412293,1429.0,16763.0,0.002979896898148369,-5.624587327997237e-05,0.0,39739.0,-5.146737930235003e-05,0.0,0
0.0510981322036154,0.05626694964412293,1430.0,16763.0,0.0029501138785459134,-5.624587327997909e-05,0.0,39739.0,-5.146737930235003e-05,0.0,0
0.051068645530009456,0.05626694964412293,1431.0,16763.0,0.0029206272049399564,-5.624587327997443e-05,0.0,39739.0,-5.146737930235003e-05,0.0,0
0.051039452253708054,0.05626694964412293,1432.0,16763.0,0.0028914339286385616,-5.6245873279978e-05,0.0,39739.0,-5.146737930235003e-05,0.0,0
0.05101054945535926,0.05626694964412293,1433.0,16763.0,0.0028625311302897727,-5.62458732799805e-05,0.0,39739.0,-5.146737930235003e-05,0.0,0
0.05098193424465917,0.05626694964412293,1434.0,16763.0,0.002833915919589666,-5.6245873279968705e-05,0.0,39739.0,-5.146737930235003e-05,0.0,0
0.05095360376006282,0.05626694964412293,1435.0,16763.0,0.002805585434993332,-5.624587327997696e-05,0.0,39739.0,-5.146737930235003e-05,0.0,0
0.050925555168498185,0.05626694964412293,1436.0,16763.0,0.0027775368434286947,-5.6245873279970595e-05,0.0,39739.0,-5.146737930235003e-05,0.0,0
0.050897785665082726,0.05626694964412293,1437.0,16763.0,0.0027497673400132252,-5.624587327997242e-05,0.0,39739.0,-5.146737930235003e-05,0.0,0
0.050870292472842936,0.05626694964412293,1438.0,16763.0,0.002722274147773449,-5.62458732799837e-05,0.0,39739.0,-5.146737930235003e-05,0.0,0
0.050843072842436714,0.05626694964412293,1439.0,16763.0,0.00269505451736722,-5.624587327997176e-05,0.0,39739.0,-5.146737930235003e-05,0.0,0
0.05081612405187831,0.05626694964412293,1440.0,16763.0,0.0026681057268088215,-5.624587327997271e-05,0.0,39739.0,-5.146737930235003e-05,0.0,0
0.05078944340626622,0.05626694964412293,1441.0,16763.0,0.0026414250811967344,-5.624587327997776e-05,0.0,39739.0,-5.146737930235003e-05,0.0,0
0.05076302823751367,0.05626694964412293,1442.0,16763.0,0.002615009912444168,-5.6245873279953926e-05,0.0,39739.0,-5.146737930235003e-05,0.0,0
0.050736875904081734,0.05626694964412293,1443.0,16763.0,0.002588857579012238,-5.624587327997647e-05,0.0,39739.0,-5.146737930235003e-05,0.0,0
0.05071098379071528,0.05626694964412293,1444.0,16763.0,0.0025629654656457983,-5.624587327998421e-05,0.0,39739.0,-5.146737930235003e-05,0.0,0
0.05068534930818144,0.05626694964412293,1445.0,16763.0,0.0025373309831119403,-5.624587327996451e-05,0.0,39739.0,-5.146737930235003e-05,0.0,0
0.05065996989301055,0.05626694964412293,1446.0,16763.0,0.002511951567941052,-5.624587327996858e-05,0.0,39739.0,-5.146737930235003e-05,0.0,0
0.05063484300723995,0.05626694964412293,1447.0,16763.0,0.002486824682170458,-5.6245873279972445e-05,0.0,39739.0,-5.146737930235003e-05,0.0,0
0.050609966138160135,0.05626694964412293,1448.0,16763.0,0.0024619478130906525,-5.624587327997598e-05,0.0,39739.0,-5.146737930235003e-05,0.0,0
0.05058533679806348,0.05626694964412293,1449.0,16763.0,0.002437318472993989,-5.6245873279980306e-05,0.0,39739.0,-5.146737930235003e-05,0.0,0
0.050560952523995416,0.05626694964412293,1450.0,16763.0,0.002412934198925932,-5.6245873279983314e-05,0.0,39739.0,-5.146737930235003e-05,0.0,0
0.05053681087750826,0.05626694964412293,1451.0,16763.0,0.0023887925524387625,-5.624587327996393e-05,0.0,39739.0,-5.146737930235003e-05,0.0,0
0.0505129094444172,0.05626694964412293,1452.0,16763.0,0.0023648911193477054,-5.624587327998462e-05,0.0,39739.0,-5.146737930235003e-05,0.0,0
0.05048924583455903,0.05626694964412293,1453.0,16763.0,0.0023412275094895404,-5.624587327997332e-05,0.0,39739.0,-5.146737930235003e-05,0.0,0
0.050465817681553046,0.05626694964412293,1454.0,16763.0,0.002317799356483559,-5.62458732799779e-05,0.0,39739.0,-5.146737930235003e-05,0.0,0
0.05044262264256443,0.05626694964412293,1455.0,16763.0,0.002294604317494937,-5.624587327996672e-05,0.0,39739.0,-5.146737930235003e-05,0.0,0
0.050419658398069944,0.05626694964412293,1456.0,16763.0,0.0022716400730004426,-5.6245873279975596e-05,0.0,39739.0,-5.146737930235003e-05,0.0,0
0.050396922651625986,0.05626694964412293,1457.0,16763.0,0.0022489043265564983,-5.624587327997686e-05,0.0,39739.0,-5.146737930235003e-05,0.0,0
0.050374413129639,0.05626694964412293,1458.0,16763.0,0.002226394804569504,-5.624587327997239e-05,0.0,39739.0,-5.146737930235003e-05,0.0,0
0.05035212758113801,0.05626694964412293,1459.0,16763.0,0.002204109256068513,-5.624587327997737e-05,0.0,39739.0,-5.146737930235003e-05,0.0,0
0.05033006377754958,0.05626694964412293,1460.0,16763.0,0.0021820454524800904,-5.624587327998212e-05,0.0,39739.0,-5.146737930235003e-05,0.0,0
0.05030821951247501,0.05626694964412293,1461.0,16763.0,0.0021602011874055018,-5.6245873279965845e-05,0.0,39739.0,-5.146737930235003e-05,0.0,0
0.05028659260146954,0.05626694964412293,1462.0,16763.0,0.0021385742764000342,-5.624587327996009e-05,0.0,39739.0,-5.146737930235003e-05,0.0,0
0.050265180881824065,0.05626694964412293,1463.0,16763.0,0.0021171625567545614,-5.6245873279960045e-05,0.0,39739.0,-5.146737930235003e-05,0.0,0
0.050243982212348756,0.05626694964412293,1464.0,16763.0,0.0020959638872792806,-5.624587327999268e-05,0.0,39739.0,-5.146737930235003e-05,0.0,0
0.05022299447315906,0.05626694964412293,1465.0,16763.0,0.0020749761480895676,-5.624587327996771e-05,0.0,39739.0,-5.146737930235003e-05,0.0,0
0.05020221556546353,0.05626694964412293,1466.0,16763.0,0.0020541972403940252,-5.6245873279960675e-05,0.0,39739.0,-5.146737930235003e-05,0.0,0
0.05018164341135405,0.05626694964412293,1467.0,16763.0,0.0020336250862845657,-5.624587327997865e-05,0.0,39739.0,-5.146737930235003e-05,0.0,0
0.05016127595359813,0.05626694964412293,1468.0,16763.0,0.002013257628528633,-5.6245873279967444e-05,0.0,39739.0,-5.146737930235003e-05,0.0,0
0.05014111115543296,0.05626694964412293,1469.0,16763.0,0.0019930928303634747,-5.624587327998873e-05,0.0,39739.0,-5.146737930235003e-05,0.0,0
0.050121147000361965,0.05626694964412293,1470.0,16763.0,0.001973128675292476,-5.624587327997383e-05,0.0,39739.0,-5.146737930235003e-05,0.0,0
0.05010138149195298,0.05626694964412293,1471.0,16763.0,0.0019533631668834928,-5.62458732799781e-05,0.0,39739.0,-5.146737930235003e-05,0.0,0
0.050081812653638695,0.05626694964412293,1472.0,16763.0,0.001933794328569211,-5.624587327998089e-05,0.0,39739.0,-5.146737930235003e-05,0.0,0
0.05006243852851898,0.05626694964412293,1473.0,16763.0,0.0019144202034494888,-5.6245873279985036e-05,0.0,39739.0,-5.146737930235003e-05,0.0,0
0.05004325717916516,0.05626694964412293,1474.0,16763.0,0.0018952388540956762,-5.624587327998006e-05,0.0,39739.0,-5.146737930235003e-05,0.0,0
0.05002426668742635,0.05626694964412293,1475.0,16763.0,0.0018762483623568484,-5.624587327996048e-05,0.0,39739.0,-5.146737930235003e-05,0.0,0
0.05000546515423752,0.05626694964412293,1476.0,16763.0,0.0018574468291680075,-5.624587327995245e-05,0.0,39739.0,-5.146737930235003e-05,0.0,0
0.049986850699429666,0.05626694964412293,1477.0,16763.0,0.001838832374360164,-5.6245873279964266e-05,0.0,39739.0,-5.146737930235003e-05,0.0,0
0.04996842146154181,0.05626694964412293,1478.0,16763.0,0.001820403136472329,-5.624587327998936e-05,0.0,39739.0,-5.146737930235003e-05,0.0,0
0.04995017559763485,0.05626694964412293,1479.0,16763.0,0.0018021572725653537,-5.62458732799697e-05,0.0,39739.0,-5.146737930235003e-05,0.0,0
0.049932111283107136,0.05626694964412293,1480.0,16763.0,0.0017840929580376398,-5.6245873279967275e-05,0.0,39739.0,-5.146737930235003e-05,0.0,0
0.049914226711512175,0.05626694964412293,1481.0,16763.0,0.0017662083864426871,-5.624587327997902e-05,0.0,39739.0,-5.146737930235003e-05,0.0,0
0.049896520094377915,0.05626694964412293,1482.0,16763.0,0.0017485017693084264,-5.624587327997708e-05,0.0,39739.0,-5.146737930235003e-05,0.0,0
0.049878989661027884,0.05626694964412293,1483.0,16763.0,0.0017309713359583948,-5.6245873279979e-05,0.0,39739.0,-5.146737930235003e-05,0.0,0
0.04986163365840413,0.05626694964412293,1484.0,16763.0,0.0017136153333346456,-5.6245873279985984e-05,0.0,39739.0,-5.146737930235003e-05,0.0,0
0.04984445035089196,0.05626694964412293,1485.0,16763.0,0.0016964320258224502,-5.6245873279953445e-05,0.0,39739.0,-5.146737930235003e-05,0.0,0
0.04982743802014625,0.05626694964412293,1486.0,16763.0,0.0016794196950767415,-5.624587327996778e-05,0.0,39739.0,-5.146737930235003e-05,0.0,0
0.04981059496491976,0.05626694964412293,1487.0,16763.0,0.0016625766398502698,-5.624587327997598e-05,0.0,39739.0,-5.146737930235003e-05,0.0,0
0.04979391950089295,0.05626694964412293,1488.0,16763.0,0.0016459011758234658,-5.624587327999001e-05,0.0,39739.0,-5.146737930235003e-05,0.0,0
0.049777409960505545,0.05626694964412293,1489.0,16763.0,0.0016293916354360417,-5.624587327995572e-05,0.0,39739.0,-5.146737930235003e-05,0.0,0
0.049761064692789694,0.05626694964412293,1490.0,16763.0,0.0016130463677201997,-5.624587327998101e-05,0.0,39739.0,-5.146737930235003e-05,0.0,0
0.049744882063205036,0.05626694964412293,1491.0,16763.0,0.001596863738135545,-5.6245873279975285e-05,0.0,39739.0,-5.146737930235003e-05,0.0,0
0.049728860453475125,0.05626694964412293,1492.0,16763.0,0.0015808421284056304,-5.624587327997007e-05,0.0,39739.0,-5.146737930235003e-05,0.0,0
0.04971299826142562,0.05626694964412293,1493.0,16763.0,0.001564979936356133,-5.6245873279981105e-05,0.0,39739.0,-5.146737930235003e-05,0.0,0
0.049697293900824134,0.05626694964412293,1494.0,16763.0,0.001549275575754631,-5.624587327996094e-05,0.0,39739.0,-5.146737930235003e-05,0.0,0
0.04968174580122148,0.05626694964412293,1495.0,16763.0,0.0015337274761519806,-5.6245873279975766e-05,0.0,39739.0,-5.146737930235003e-05,0.0,0
0.049666352407794746,0.05626694964412293,1496.0,16763.0,0.0015183340827252612,-5.62458732799721e-05,0.0,39739.0,-5.146737930235003e-05,0.0,0
0.049651112181191795,0.05626694964412293,1497.0,16763.0,0.0015030938561222996,-5.624587327997363e-05,0.0,39739.0,-5.146737930235003e-05,0.0,0
0.04963602359737724,0.05626694964412293,1498.0,16763.0,0.0014880052723077368,-5.6245873279970236e-05,0.0,39739.0,-5.146737930235003e-05,0.0,0
0.049621085147480114,0.05626694964412293,1499.0,16763.0,0.0014730668224106221,-5.624587327998324e-05,0.0,39739.0,-5.146737930235003e-05,0.0,0
0.049606295337643,0.05626694964412293,1500.0,16763.0,0.0014582770125735115,-5.624587327997492e-05,0.0,39739.0,-5.146737930235003e-05,0.0,0
0.04959165268887259,0.05626694964412293,1501.0,16763.0,0.0014436343638030988,-5.624587327996895e-05,0.0,39739.0,-5.146737930235003e-05,0.0,0
0.049577155736891795,0.05626694964412293,1502.0,16763.0,0.0014291374118223048,-5.624587327997053e-05,0.0,39739.0,-5.146737930235003e-05,0.0,0
0.049562803031993334,0.05626694964412293,1503.0,16763.0,0.0014147847069238462,-5.624587327997038e-05,0.0,39739.0,-5.146737930235003e-05,0.0,0
0.04954859313889475,0.05626694964412293,1504.0,16763.0,0.0014005748138252803,-5.624587327998722e-05,0.0,39739.0,-5.146737930235003e-05,0.0,0
0.049534524636594926,0.05626694964412293,1505.0,16763.0,0.0013865063115254476,-5.624587327998261e-05,0.0,39739.0,-5.146737930235003e-05,0.0,0
0.0495205961182319,0.05626694964412293,1506.0,16763.0,0.001372577793162403,-5.624587327997647e-05,0.0,39739.0,-5.146737930235003e-05,0.0,0
0.04950680619094219,0.05626694964412293,1507.0,16763.0,0.0013587878658726982,-5.624587327996805e-05,0.0,39739.0,-5.146737930235003e-05,0.0,0
0.049493153475721585,0.05626694964412293,1508.0,16763.0,0.0013451351506521088,-5.6245873279988214e-05,0.0,39739.0,-5.146737930235003e-05,0.0,0
0.04947963660728724,0.05626694964412293,1509.0,16763.0,0.0013316182822177426,-5.624587327996812e-05,0.0,39739.0,-5.146737930235003e-05,0.0,0
0.04946625423394098,0.05626694964412293,1510.0,16763.0,0.0013182359088714907,-5.6245873279977175e-05,0.0,39739.0,-5.146737930235003e-05,0.0,0
0.04945300501743437,0.05626694964412293,1511.0,16763.0,0.0013049866923648616,-5.624587327995866e-05,0.0,39739.0,-5.146737930235003e-05,0.0,0
0.04943988763283467,0.05626694964412293,1512.0,16763.0,0.001291869307765169,-5.624587327996169e-05,0.0,39739.0,-5.146737930235003e-05,0.0,0
0.049426900768392505,0.05626694964412293,1513.0,16763.0,0.0012788824433230177,-5.624587327998181e-05,0.0,39739.0,-5.146737930235003e-05,0.0,0
0.04941404312541064,0.05626694964412293,1514.0,16763.0,0.0012660248003411405,-5.624587327996953e-05,0.0,39739.0,-5.146737930235003e-05,0.0,0
0.04940131341811403,0.05626694964412293,1515.0,16763.0,0.0012532950930445332,-5.624587327996516e-05,0.0,39739.0,-5.146737930235003e-05,0.0,0
0.049388710373521334,0.05626694964412293,1516.0,16763.0,0.0012406920484518452,-5.624587327997802e-05,0.0,39739.0,-5.146737930235003e-05,0.0,0
0.049376232731317596,0.05626694964412293,1517.0,16763.0,0.0012282144062481255,-5.624587327999593e-05,0.0,39739.0,-5.146737930235003e-05,0.0,0
0.04936387924372824,0.05626694964412293,1518.0,16763.0,0.0012158609186587504,-5.6245873279978246e-05,0.0,39739.0,-5.146737930235003e-05,0.0,0
0.049351648675394155,0.05626694964412293,1519.0,16763.0,0.001203630350324664,-5.624587327997337e-05,0.0,39739.0,-5.146737930235003e-05,0.0,0
0.04933953980324834,0.05626694964412293,1520.0,16763.0,0.001191521478178848,-5.6245873279977345e-05,0.0,39739.0,-5.146737930235003e-05,0.0,0
0.04932755141639347,0.05626694964412293,1521.0,16763.0,0.001179533091323993,-5.6245873279994184e-05,0.0,39739.0,-5.146737930235003e-05,0.0,0
0.049315682315980915,0.05626694964412293,1522.0,16763.0,0.0011676639909114189,-5.624587327996434e-05,0.0,39739.0,-5.146737930235003e-05,0.0,0
0.04930393131509069,0.05626694964412293,1523.0,16763.0,0.001155912990021198,-5.624587327997526e-05,0.0,39739.0,-5.146737930235003e-05,0.0,0
0.04929229723861294,0.05626694964412293,1524.0,16763.0,0.0011442789135434521,-5.6245873279975305e-05,0.0,39739.0,-5.146737930235003e-05,0.0,0
0.04928077892313032,0.05626694964412293,1525.0,16763.0,0.0011327605980608335,-5.6245873279981905e-05,0.0,39739.0,-5.146737930235003e-05,0.0,0
0.04926937521680171,0.05626694964412293,1526.0,16763.0,0.0011213568917321948,-5.6245873279956745e-05,0.0,39739.0,-5.146737930235003e-05,0.0,0
0.04925808497924688,0.05626694964412293,1527.0,16763.0,0.001110066654177407,-5.624587328000394e-05,0.0,39739.0,-5.146737930235003e-05,0.0,0
0.04924690708143279,0.05626694964412293,1528.0,16763.0,0.001098888756363293,-5.624587327997036e-05,0.0,39739.0,-5.146737930235003e-05,0.0,0
0.049235840405560276,0.05626694964412293,1529.0,16763.0,0.0010878220804907712,-5.624587327996278e-05,0.0,39739.0,-5.146737930235003e-05,0.0,0
0.04922488384495252,0.05626694964412293,1530.0,16763.0,0.00107686551988302,-5.624587327996815e-05,0.0,39739.0,-5.146737930235003e-05,0.0,0
0.049214036303944345,0.05626694964412293,1531.0,16763.0,0.0010660179788748567,-5.624587327996417e-05,0.0,39739.0,-5.146737930235003e-05,0.0,0
0.04920329669777263,0.05626694964412293,1532.0,16763.0,0.001055278372703135,-5.624587327997506e-05,0.0,39739.0,-5.146737930235003e-05,0.0,0
0.049192663952467776,0.05626694964412293,1533.0,16763.0,0.0010446456273982905,-5.6245873279976084e-05,0.0,39739.0,-5.146737930235003e-05,0.0,0
0.04918213700474642,0.05626694964412293,1534.0,16763.0,0.0010341186796769325,-5.6245873279973e-05,0.0,39739.0,-5.146737930235003e-05,0.0,0
0.049171714801905006,0.05626694964412293,1535.0,16763.0,0.0010236964768355172,-5.624587327998426e-05,0.0,39739.0,-5.146737930235003e-05,0.0,0
0.04916139630171457,0.05626694964412293,1536.0,16763.0,0.0010133779766450688,-5.624587327996579e-05,0.0,39739.0,-5.146737930235003e-05,0.0,0
0.04915118047231649,0.05626694964412293,1537.0,16763.0,0.001003162147246981,-5.624587327997205e-05,0.0,39739.0,-5.146737930235003e-05,0.0,0
0.04914106629211929,0.05626694964412293,1538.0,16763.0,0.0009930479670497952,-5.6245873279972445e-05,0.0,39739.0,-5.146737930235003e-05,0.0,0
0.04913105274969654,0.05626694964412293,1539.0,16763.0,0.0009830344246270569,-5.62458732799821e-05,0.0,39739.0,-5.146737930235003e-05,0.0,0
0.04912113884368567,0.05626694964412293,1540.0,16763.0,0.0009731205186161894,-5.6245873279982827e-05,0.0,39739.0,-5.146737930235003e-05,0.0,0
0.049111323582687806,0.05626694964412293,1541.0,16763.0,0.0009633052576183211,-5.624587327997472e-05,0.0,39739.0,-5.146737930235003e-05,0.0,0
0.049101605985168675,0.05626694964412293,1542.0,16763.0,0.0009535876600991756,-5.624587327996975e-05,0.0,39739.0,-5.146737930235003e-05,0.0,0
0.049091985079360405,0.05626694964412293,1543.0,16763.0,0.0009439667542909074,-5.6245873279970595e-05,0.0,39739.0,-5.146737930235003e-05,0.0,0
0.0490824599031644,0.05626694964412293,1544.0,16763.0,0.0009344415780949141,-5.624587327997805e-05,0.0,39739.0,-5.146737930235003e-05,0.0,0
0.04907302950405514,0.05626694964412293,1545.0,16763.0,0.0009250111789856386,-5.624587327996215e-05,0.0,39739.0,-5.146737930235003e-05,0.0,0
0.04906369293898482,0.05626694964412293,1546.0,16763.0,0.0009156746139153141,-5.6245873279964436e-05,0.0,39739.0,-5.146737930235003e-05,0.0,0
0.04905444927428915,0.05626694964412293,1547.0,16763.0,0.000906430949219652,-5.624587327996749e-05,0.0,39739.0,-5.146737930235003e-05,0.0,0
0.04904529758559397,0.05626694964412293,1548.0,16763.0,0.0008972792605244754,-5.624587327997601e-05,0.0,39739.0,-5.146737930235003e-05,0.0,0
0.04903623695772278,0.05626694964412293,1549.0,16763.0,0.0008882186326532896,-5.624587327998026e-05,0.0,39739.0,-5.146737930235003e-05,0.0,0
0.04902726648460525,0.05626694964412293,1550.0,16763.0,0.0008792481595357656,-5.6245873279971544e-05,0.0,39739.0,-5.146737930235003e-05,0.0,0
0.04901838526918661,0.05626694964412293,1551.0,16763.0,0.0008703669441171058,-5.624587327996672e-05,0.0,39739.0,-5.146737930235003e-05,0.0,0
0.04900959242333787,0.05626694964412293,1552.0,16763.0,0.0008615740982683735,-5.6245873279971666e-05,0.0,39739.0,-5.146737930235003e-05,0.0,0
0.049000887067767146,0.05626694964412293,1553.0,16763.0,0.0008528687426976514,-5.6245873279973414e-05,0.0,39739.0,-5.146737930235003e-05,0.0,0
0.04899226833193161,0.05626694964412293,1554.0,16763.0,0.0008442500068621327,-5.6245873279978707e-05,0.0,39739.0,-5.146737930235003e-05,0.0,0
0.04898373535395056,0.05626694964412293,1555.0,16763.0,0.000835717028881046,-5.624587327995849e-05,0.0,39739.0,-5.146737930235003e-05,0.0,0
0.04897528728051898,0.05626694964412293,1556.0,16763.0,0.0008272689554494916,-5.6245873279974654e-05,0.0,39739.0,-5.146737930235003e-05,0.0,0
0.048966923266822567,0.05626694964412293,1557.0,16763.0,0.0008189049417530719,-5.6245873279975454e-05,0.0,39739.0,-5.146737930235003e-05,0.0,0
0.048958642476452964,0.05626694964412293,1558.0,16763.0,0.0008106241513834624,-5.62458732799674e-05,0.0,39739.0,-5.146737930235003e-05,0.0,0
0.04895044408132422,0.05626694964412293,1559.0,16763.0,0.0008024257562547195,-5.624587327995745e-05,0.0,39739.0,-5.146737930235003e-05,0.0,0
0.04894232726158997,0.05626694964412293,1560.0,16763.0,0.0007943089365204935,-5.62458732799953e-05,0.0,39739.0,-5.146737930235003e-05,0.0,0
0.048934291205561545,0.05626694964412293,1561.0,16763.0,0.0007862728804920529,-5.624587327997089e-05,0.0,39739.0,-5.146737930235003e-05,0.0,0
0.048926335109626594,0.05626694964412293,1562.0,16763.0,0.000778316784557097,-5.624587327997123e-05,0.0,39739.0,-5.146737930235003e-05,0.0,0
0.04891845817816889,0.05626694964412293,1563.0,16763.0,0.0007704398530993992,-5.6245873279984094e-05,0.0,39739.0,-5.146737930235003e-05,0.0,0
0.04891065962348875,0.05626694964412293,1564.0,16763.0,0.0007626412984192544,-5.6245873279960844e-05,0.0,39739.0,-5.146737930235003e-05,0.0,0
0.04890293866572418,0.05626694964412293,1565.0,16763.0,0.0007549203406546895,-5.62458732799732e-05,0.0,39739.0,-5.146737930235003e-05,0.0,0
0.04889529453277299,0.05626694964412293,1566.0,16763.0,0.0007472762077035018,-5.624587327998414e-05,0.0,39739.0,-5.146737930235003e-05,0.0,0
0.04888772646021552,0.05626694964412293,1567.0,16763.0,0.0007397081351460224,-5.624587327997174e-05,0.0,39739.0,-5.146737930235003e-05,0.0,0
0.048880233691238166,0.05626694964412293,1568.0,16763.0,0.0007322153661686851,-5.624587327997989e-05,0.0,39739.0,-5.146737930235003e-05,0.0,0
0.04887281547655785,0.05626694964412293,1569.0,16763.0,0.0007247971514883515,-5.6245873279960045e-05,0.0,39739.0,-5.146737930235003e-05,0.0,0
0.04886547107434686,0.05626694964412293,1570.0,16763.0,0.0007174527492773736,-5.624587327997761e-05,0.0,39739.0,-5.146737930235003e-05,0.0,0
0.048858199750158905,0.05626694964412293,1571.0,16763.0,0.000710181425089405,-5.6245873279959096e-05,0.0,39739.0,-5.146737930235003e-05,0.0,0
0.04885100077685547,0.05626694964412293,1572.0,16763.0,0.0007029824517859763,-5.624587327997492e-05,0.0,39739.0,-5.146737930235003e-05,0.0,0
0.04884387343453324,0.05626694964412293,1573.0,16763.0,0.0006958551094637485,-5.6245873279979696e-05,0.0,39739.0,-5.146737930235003e-05,0.0,0
0.048836817010452054,0.05626694964412293,1574.0,16763.0,0.0006887986853825503,-5.62458732799681e-05,0.0,39739.0,-5.146737930235003e-05,0.0,0
0.04882983079896358,0.05626694964412293,1575.0,16763.0,0.0006818124738941019,-5.624587327999263e-05,0.0,39739.0,-5.146737930235003e-05,0.0,0
0.04882291410144091,0.05626694964412293,1576.0,16763.0,0.0006748957763714206,-5.624587327997429e-05,0.0,39739.0,-5.146737930235003e-05,0.0,0
0.0488160662262085,0.05626694964412293,1577.0,16763.0,0.0006680479011389988,-5.6245873279966645e-05,0.0,39739.0,-5.146737930235003e-05,0.0,0
0.048809286488473116,0.05626694964412293,1578.0,16763.0,0.0006612681634036097,-5.624587327996218e-05,0.0,39739.0,-5.146737930235003e-05,0.0,0
0.04880257421025532,0.05626694964412293,1579.0,16763.0,0.0006545558851858215,-5.624587327997618e-05,0.0,39739.0,-5.146737930235003e-05,0.0,0
0.048795928720321714,0.05626694964412293,1580.0,16763.0,0.0006479103952522224,-5.6245873279970406e-05,0.0,39739.0,-5.146737930235003e-05,0.0,0
0.048789349354117766,0.05626694964412293,1581.0,16763.0,0.0006413310290482806,-5.6245873279982976e-05,0.0,39739.0,-5.146737930235003e-05,0.0,0
0.04878283545370138,0.05626694964412293,1582.0,16763.0,0.000634817128631889,-5.624587327997504e-05,0.0,39739.0,-5.146737930235003e-05,0.0,0
0.04877638636767709,0.05626694964412293,1583.0,16763.0,0.0006283680426075899,-5.6245873279966035e-05,0.0,39739.0,-5.146737930235003e-05,0.0,0
0.0487700014511309,0.05626694964412293,1584.0,16763.0,0.0006219831260613936,-5.6245873279967126e-05,0.0,39739.0,-5.146737930235003e-05,0.0,0
0.04876368006556581,0.05626694964412293,1585.0,16763.0,0.0006156617404963317,-5.6245873279982176e-05,0.0,39739.0,-5.146737930235003e-05,0.0,0
0.04875742157883807,0.05626694964412293,1586.0,16763.0,0.0006094032537685758,-5.624587327996924e-05,0.0,39739.0,-5.146737930235003e-05,0.0,0
0.048751225365093735,0.05626694964412293,1587.0,16763.0,0.0006032070400242411,-5.624587327996703e-05,0.0,39739.0,-5.146737930235003e-05,0.0,0
0.04874509080470627,0.05626694964412293,1588.0,16763.0,0.0005970724796367871,-5.6245873279984236e-05,0.0,39739.0,-5.146737930235003e-05,0.0,0
0.048739017284214564,0.05626694964412293,1589.0,16763.0,0.0005909989591450635,-5.62458732799573e-05,0.0,39739.0,-5.146737930235003e-05,0.0,0
0.048733004196261455,0.05626694964412293,1590.0,16763.0,0.0005849858711919622,-5.624587327996419e-05,0.0,39739.0,-5.146737930235003e-05,0.0,0
0.048727050939533154,0.05626694964412293,1591.0,16763.0,0.0005790326144636716,-5.6245873279988315e-05,0.0,39739.0,-5.146737930235003e-05,0.0,0
0.048721156918699056,0.05626694964412293,1592.0,16763.0,0.0005731385936295648,-5.624587327997616e-05,0.0,39739.0,-5.146737930235003e-05,0.0,0
0.04871532154435213,0.05626694964412293,1593.0,16763.0,0.0005673032192826426,-5.624587327997424e-05,0.0,39739.0,-5.146737930235003e-05,0.0,0
0.04870954423295011,0.05626694964412293,1594.0,16763.0,0.0005615259078806064,-5.624587327996179e-05,0.0,39739.0,-5.146737930235003e-05,0.0,0
0.048703824406757,0.05626694964412293,1595.0,16763.0,0.0005558060816875075,-5.624587327996157e-05,0.0,39739.0,-5.146737930235003e-05,0.0,0
0.04869816149378545,0.05626694964412293,1596.0,16763.0,0.0005501431687159534,-5.624587327996844e-05,0.0,39739.0,-5.146737930235003e-05,0.0,0
0.04869255492773942,0.05626694964412293,1597.0,16763.0,0.0005445366026699271,-5.6245873279988315e-05,0.0,39739.0,-5.146737930235003e-05,0.0,0
0.048687004147957645,0.05626694964412293,1598.0,16763.0,0.0005389858228881578,-5.6245873279982874e-05,0.0,39739.0,-5.146737930235003e-05,0.0,0
0.048681508599357534,0.05626694964412293,1599.0,16763.0,0.0005334902742880411,-5.6245873279970866e-05,0.0,39739.0,-5.146737930235003e-05,0.0,0
0.04867606773237961,0.05626694964412293,1600.0,16763.0,0.0005280494073101325,-5.624587327999346e-05,0.0,39739.0,-5.146737930235003e-05,0.0,0
0.0486706810029327,0.05626694964412293,1601.0,16763.0,0.0005226626778632011,-5.6245873279962565e-05,0.0,39739.0,-5.146737930235003e-05,0.0,0
0.048665347872339317,0.05626694964412293,1602.0,16763.0,0.0005173295472698211,-5.624587327997589e-05,0.0,39739.0,-5.146737930235003e-05,0.0,0
0.04866006780728198,0.05626694964412293,1603.0,16763.0,0.0005120494822124728,-5.6245873279957395e-05,0.0,39739.0,-5.146737930235003e-05,0.0,0
0.04865484027974977,0.05626694964412293,1604.0,16763.0,0.0005068219546802699,-5.624587327996218e-05,0.0,39739.0,-5.146737930235003e-05,0.0,0
0.04864966476698559,0.05626694964412293,1605.0,16763.0,0.0005016464419160909,-5.624587327996313e-05,0.0,39739.0,-5.146737930235003e-05,0.0,0
0.04864454075143383,0.05626694964412293,1606.0,16763.0,0.0004965224263643471,-5.624587327998135e-05,0.0,39739.0,-5.146737930235003e-05,0.0,0
0.04863946772068871,0.05626694964412293,1607.0,16763.0,0.0004914493956192135,-5.6245873279968515e-05,0.0,39739.0,-5.146737930235003e-05,0.0,0
0.048634445167442884,0.05626694964412293,1608.0,16763.0,0.00048642684237338994,-5.6245873279985374e-05,0.0,39739.0,-5.146737930235003e-05,0.0,0
0.04862947258943687,0.05626694964412293,1609.0,16763.0,0.0004814542643673699,-5.6245873279971985e-05,0.0,39739.0,-5.146737930235003e-05,0.0,0
0.048624549489408704,0.05626694964412293,1610.0,16763.0,0.0004765311643391985,-5.6245873279971666e-05,0.0,39739.0,-5.146737930235003e-05,0.0,0
0.04861967537504428,0.05626694964412293,1611.0,16763.0,0.0004716570499747842,-5.6245873279966326e-05,0.0,39739.0,-5.146737930235003e-05,0.0,0
0.04861484975892811,0.05626694964412293,1612.0,16763.0,0.0004668314338586147,-5.624587327997174e-05,0.0,39739.0,-5.146737930235003e-05,0.0,0
0.04861007215849456,0.05626694964412293,1613.0,16763.0,0.0004620538334250697,-5.624587327998035e-05,0.0,39739.0,-5.146737930235003e-05,0.0,0
0.04860534209597961,0.05626694964412293,1614.0,16763.0,0.0004573237709101147,-5.62458732799707e-05,0.0,39739.0,-5.146737930235003e-05,0.0,0
0.04860065909837306,0.05626694964412293,1615.0,16763.0,0.0004526407733035621,-5.6245873279973895e-05,0.0,39739.0,-5.146737930235003e-05,0.0,0
0.04859602269737124,0.05626694964412293,1616.0,16763.0,0.0004480043723017459,-5.624587327997882e-05,0.0,39739.0,-5.146737930235003e-05,0.0,0
0.0485914324293302,0.05626694964412293,1617.0,16763.0,0.0004434141042607032,-5.6245873279977805e-05,0.0,39739.0,-5.146737930235003e-05,0.0,0
0.0485868878352193,0.05626694964412293,1618.0,16763.0,0.00043886951014980726,-5.624587327996856e-05,0.0,39739.0,-5.146737930235003e-05,0.0,0
0.048582388460575346,0.05626694964412293,1619.0,16763.0,0.0004343701355058561,-5.624587327997424e-05,0.0,39739.0,-5.146737930235003e-05,0.0,0
0.048577933855457126,0.05626694964412293,1620.0,16763.0,0.0004299155303876342,-5.624587327997142e-05,0.0,39739.0,-5.146737930235003e-05,0.0,0
0.04857352357440042,0.05626694964412293,1621.0,16763.0,0.0004255052493309221,-5.624587327996388e-05,0.0,39739.0,-5.146737930235003e-05,0.0,0
0.04856915717637344,0.05626694964412293,1622.0,16763.0,0.0004211388513039369,-5.624587327997337e-05,0.0,39739.0,-5.146737930235003e-05,0.0,0
0.048564834224732734,0.05626694964412293,1623.0,16763.0,0.0004168158996632377,-5.624587327997222e-05,0.0,39739.0,-5.146737930235003e-05,0.0,0
0.04856055428717955,0.05626694964412293,1624.0,16763.0,0.00041253596211005976,-5.6245873279975474e-05,0.0,39739.0,-5.146737930235003e-05,0.0,0
0.04855631693571658,0.05626694964412293,1625.0,16763.0,0.0004082986106470781,-5.6245873279950165e-05,0.0,39739.0,-5.146737930235003e-05,0.0,0
0.04855212174660512,0.05626694964412293,1626.0,16763.0,0.00040410342153561734,-5.624587327995885e-05,0.0,39739.0,-5.146737930235003e-05,0.0,0
0.048547968300322764,0.05626694964412293,1627.0,16763.0,0.0003999499752532667,-5.6245873279966496e-05,0.0,39739.0,-5.146737930235003e-05,0.0,0
0.04854385618152144,0.05626694964412293,1628.0,16763.0,0.0003958378564519406,-5.6245873279969315e-05,0.0,39739.0,-5.146737930235003e-05,0.0,0
0.04853978497898583,0.05626694964412293,1629.0,16763.0,0.00039176665391632765,-5.624587327996657e-05,0.0,39739.0,-5.146737930235003e-05,0.0,0
0.048535754285592286,0.05626694964412293,1630.0,16763.0,0.00038773596052279054,-5.624587327997108e-05,0.0,39739.0,-5.146737930235003e-05,0.0,0
0.048531763698268116,0.05626694964412293,1631.0,16763.0,0.00038374537319862425,-5.624587327997911e-05,0.0,39739.0,-5.146737930235003e-05,0.0,0
0.04852781281795126,0.05626694964412293,1632.0,16763.0,0.00037979449288176457,-5.6245873279973435e-05,0.0,39739.0,-5.146737930235003e-05,0.0,0
0.0485239012495504,0.05626694964412293,1633.0,16763.0,0.00037588292448090244,-5.624587327997349e-05,0.0,39739.0,-5.146737930235003e-05,0.0,0
0.04852002860190542,0.05626694964412293,1634.0,16763.0,0.00037201027683593074,-5.624587327998392e-05,0.0,39739.0,-5.146737930235003e-05,0.0,0
0.04851619448774833,0.05626694964412293,1635.0,16763.0,0.00036817616267885255,-5.6245873279985645e-05,0.0,39739.0,-5.146737930235003e-05,0.0,0
0.04851239852366456,0.05626694964412293,1636.0,16763.0,0.00036438019859506523,-5.624587327996781e-05,0.0,39739.0,-5.146737930235003e-05,0.0,0
0.04850864033005448,0.05626694964412293,1637.0,16763.0,0.00036062200498499143,-5.62458732799771e-05,0.0,39739.0,-5.146737930235003e-05,0.0,0
0.04850491953109565,0.05626694964412293,1638.0,16763.0,0.0003569012060261428,-5.624587327995538e-05,0.0,39739.0,-5.146737930235003e-05,0.0,0
0.04850123575470502,0.05626694964412293,1639.0,16763.0,0.00035321742963551907,-5.624587327996781e-05,0.0,39739.0,-5.146737930235003e-05,0.0,0
0.04849758863250192,0.05626694964412293,1640.0,16763.0,0.0003495703074324154,-5.624587327996412e-05,0.0,39739.0,-5.146737930235003e-05,0.0,0
0.048493977799771056,0.05626694964412293,1641.0,16763.0,0.0003459594747015701,-5.624587327997334e-05,0.0,39739.0,-5.146737930235003e-05,0.0,0
0.04849040289542619,0.05626694964412293,1642.0,16763.0,0.0003423845703566957,-5.624587327997521e-05,0.0,39739.0,-5.146737930235003e-05,0.0,0
0.04848686356197388,0.05626694964412293,1643.0,16763.0,0.00033884523690438603,-5.6245873279968996e-05,0.0,39739.0,-5.146737930235003e-05,0.0,0
0.04848335944547784,0.05626694964412293,1644.0,16763.0,0.0003353411204083443,-5.6245873279975915e-05,0.0,39739.0,-5.146737930235003e-05,0.0,0
0.048479890195523505,0.05626694964412293,1645.0,16763.0,0.0003318718704540026,-5.624587327997135e-05,0.0,39739.0,-5.146737930235003e-05,0.0,0
0.04847645546518296,0.05626694964412293,1646.0,16763.0,0.0003284371401134687,-5.6245873279975454e-05,0.0,39739.0,-5.146737930235003e-05,0.0,0
0.04847305491098034,0.05626694964412293,1647.0,16763.0,0.000325036585910856,-5.624587327996817e-05,0.0,39739.0,-5.146737930235003e-05,0.0,0
0.04846968819285739,0.05626694964412293,1648.0,16763.0,0.0003216698677878966,-5.624587327997242e-05,0.0,39739.0,-5.146737930235003e-05,0.0,0
0.048466354974139494,0.05626694964412293,1649.0,16763.0,0.00031833664906998483,-5.6245873279965405e-05,0.0,39739.0,-5.146737930235003e-05,0.0,0
0.04846305492150196,0.05626694964412293,1650.0,16763.0,0.000315036596432467,-5.624587327996778e-05,0.0,39739.0,-5.146737930235003e-05,0.0,0
0.04845978770493682,0.05626694964412293,1651.0,16763.0,0.00031176937986732584,-5.624587327996327e-05,0.0,39739.0,-5.146737930235003e-05,0.0,0
0.04845655299771969,0.05626694964412293,1652.0,16763.0,0.00030853467265018486,-5.624587327995885e-05,0.0,39739.0,-5.146737930235003e-05,0.0,0
0.04845335047637712,0.05626694964412293,1653.0,16763.0,0.00030533215130763196,-5.624587327997472e-05,0.0,39739.0,-5.146737930235003e-05,0.0,0
0.04845017982065434,0.05626694964412293,1654.0,16763.0,0.0003021614955848551,-5.624587327998006e-05,0.0,39739.0,-5.146737930235003e-05,0.0,0
0.048447040713483144,0.05626694964412293,1655.0,16763.0,0.0002990223884136432,-5.6245873279960506e-05,0.0,39739.0,-5.146737930235003e-05,0.0,0
0.04844393284095016,0.05626694964412293,1656.0,16763.0,0.0002959145158806709,-5.6245873279981275e-05,0.0,39739.0,-5.146737930235003e-05,0.0,0
0.048440855892265565,0.05626694964412293,1657.0,16763.0,0.00029283756719607787,-5.6245873279988e-05,0.0,39739.0,-5.146737930235003e-05,0.0,0
0.04843780955973193,0.05626694964412293,1658.0,16763.0,0.00028979123466244715,-5.624587327998387e-05,0.0,39739.0,-5.146737930235003e-05,0.0,0
0.04843479353871348,0.05626694964412293,1659.0,16763.0,0.00028677521364398035,-5.6245873279963535e-05,0.0,39739.0,-5.146737930235003e-05,0.0,0
0.04843180752760557,0.05626694964412293,1660.0,16763.0,0.0002837892025360694,-5.6245873279964456e-05,0.0,39739.0,-5.146737930235003e-05,0.0,0
0.0484288512278046,0.05626694964412293,1661.0,16763.0,0.0002808329027351028,-5.624587327996521e-05,0.0,39739.0,-5.146737930235003e-05,0.0,0
0.048425924343678144,0.05626694964412293,1662.0,16763.0,0.00027790601860864535,-5.624587327996781e-05,0.0,39739.0,-5.146737930235003e-05,0.0,0
0.04842302658253535,0.05626694964412293,1663.0,16763.0,0.0002750082574658406,-5.624587327996861e-05,0.0,39739.0,-5.146737930235003e-05,0.0,0
0.04842015765459765,0.05626694964412293,1664.0,16763.0,0.0002721393295281658,-5.6245873279978944e-05,0.0,39739.0,-5.146737930235003e-05,0.0,0
0.04841731727296991,0.05626694964412293,1665.0,16763.0,0.00026929894790042727,-5.624587327997759e-05,0.0,39739.0,-5.146737930235003e-05,0.0,0
0.04841450515361159,0.05626694964412293,1666.0,16763.0,0.0002664868285421047,-5.624587327998462e-05,0.0,39739.0,-5.146737930235003e-05,0.0,0
0.048411721015308405,0.05626694964412293,1667.0,16763.0,0.00026370269023891175,-5.624587327996579e-05,0.0,39739.0,-5.146737930235003e-05,0.0,0
0.048408964579644206,0.05626694964412293,1668.0,16763.0,0.00026094625457470427,-5.6245873279954556e-05,0.0,39739.0,-5.146737930235003e-05,0.0,0
0.0484062355709731,0.05626694964412293,1669.0,16763.0,0.0002582172459036153,-5.624587327997848e-05,0.0,39739.0,-5.146737930235003e-05,0.0,0
0.04840353371639201,0.05626694964412293,1670.0,16763.0,0.0002555153913225005,-5.624587327995322e-05,0.0,39739.0,-5.146737930235003e-05,0.0,0
0.04840085874571315,0.05626694964412293,1671.0,16763.0,0.0002528404206436551,-5.6245873279975115e-05,0.0,39739.0,-5.146737930235003e-05,0.0,0
0.048398210391437275,0.05626694964412293,1672.0,16763.0,0.0002501920663677844,-5.624587327997385e-05,0.0,39739.0,-5.146737930235003e-05,0.0,0
0.04839558838872675,0.05626694964412293,1673.0,16763.0,0.0002475700636572385,-5.6245873279960404e-05,0.0,39739.0,-5.146737930235003e-05,0.0,0
0.04839299247537908,0.05626694964412293,1674.0,16763.0,0.0002449741503095822,-5.6245873279968705e-05,0.0,39739.0,-5.146737930235003e-05,0.0,0
0.04839042239180081,0.05626694964412293,1675.0,16763.0,0.00024240406673130578,-5.624587327995529e-05,0.0,39739.0,-5.146737930235003e-05,0.0,0
0.048387877880981395,0.05626694964412293,1676.0,16763.0,0.00023985955591191297,-5.6245873279979865e-05,0.0,39739.0,-5.146737930235003e-05,0.0,0
0.04838535868846768,0.05626694964412293,1677.0,16763.0,0.00023734036339819606,-5.6245873279975407e-05,0.0,39739.0,-5.146737930235003e-05,0.0,0
0.04838286456233831,0.05626694964412293,1678.0,16763.0,0.00023484623726881246,-5.624587327995866e-05,0.0,39739.0,-5.146737930235003e-05,0.0,0
0.048380395253178554,0.05626694964412293,1679.0,16763.0,0.00023237692810906544,-5.624587327997213e-05,0.0,39739.0,-5.146737930235003e-05,0.0,0
0.048377950514055475,0.05626694964412293,1680.0,16763.0,0.00022993218898597888,-5.62458732799779e-05,0.0,39739.0,-5.146737930235003e-05,0.0,0
0.04837553010049311,0.05626694964412293,1681.0,16763.0,0.00022751177542361186,-5.624587327996764e-05,0.0,39739.0,-5.146737930235003e-05,0.0,0
0.048373133770448065,0.05626694964412293,1682.0,16763.0,0.0002251154453785867,-5.624587327999273e-05,0.0,39739.0,-5.146737930235003e-05,0.0,0
0.04837076128428539,0.05626694964412293,1683.0,16763.0,0.0002227429592158993,-5.6245873279975745e-05,0.0,39739.0,-5.146737930235003e-05,0.0,0
0.04836841240475445,0.05626694964412293,1684.0,16763.0,0.0002203940796849604,-5.6245873279979676e-05,0.0,39739.0,-5.146737930235003e-05,0.0,0
0.04836608689696535,0.05626694964412293,1685.0,16763.0,0.00021806857189585595,-5.6245873279973706e-05,0.0,39739.0,-5.146737930235003e-05,0.0,0
0.04836378452836535,0.05626694964412293,1686.0,16763.0,0.0002157662032958651,-5.624587327997965e-05,0.0,39739.0,-5.146737930235003e-05,0.0,0
0.04836150506871572,0.05626694964412293,1687.0,16763.0,0.00021348674364622067,-5.6245873279980035e-05,0.0,39739.0,-5.146737930235003e-05,0.0,0
0.04835924829006854,0.05626694964412293,1688.0,16763.0,0.000211229964999054,-5.624587327997817e-05,0.0,39739.0,-5.146737930235003e-05,0.0,0
0.0483570139667441,0.05626694964412293,1689.0,16763.0,0.00020899564167461675,-5.624587327998123e-05,0.0,39739.0,-5.146737930235003e-05,0.0,0
0.0483548018753082,0.05626694964412293,1690.0,16763.0,0.0002067835502387152,-5.62458732799823e-05,0.0,39739.0,-5.146737930235003e-05,0.0,0
0.04835261179454985,0.05626694964412293,1691.0,16763.0,0.0002045934694803606,-5.62458732799664e-05,0.0,39739.0,-5.146737930235003e-05,0.0,0
0.04835044350545914,0.05626694964412293,1692.0,16763.0,0.0002024251803896582,-5.62458732799821e-05,0.0,39739.0,-5.146737930235003e-05,0.0,0
0.04834829679120537,0.05626694964412293,1693.0,16763.0,0.00020027846613588463,-5.624587327996924e-05,0.0,39739.0,-5.146737930235003e-05,0.0,0
0.04834617143711532,0.05626694964412293,1694.0,16763.0,0.00019815311204582754,-5.62458732799813e-05,0.0,39739.0,-5.146737930235003e-05,0.0,0
0.048344067230651794,0.05626694964412293,1695.0,16763.0,0.00019604890558231445,-5.624587327998924e-05,0.0,39739.0,-5.146737930235003e-05,0.0,0
0.04834198396139243,0.05626694964412293,1696.0,16763.0,0.0001939656363229365,-5.624587327998101e-05,0.0,39739.0,-5.146737930235003e-05,0.0,0
0.04833992142100853,0.05626694964412293,1697.0,16763.0,0.00019190309593903148,-5.624587327997322e-05,0.0,39739.0,-5.146737930235003e-05,0.0,0
0.048337879403244334,0.05626694964412293,1698.0,16763.0,0.00018986107817485162,-5.624587327998186e-05,0.0,39739.0,-5.146737930235003e-05,0.0,0
0.04833585770389641,0.05626694964412293,1699.0,16763.0,0.00018783937882690867,-5.6245873279969504e-05,0.0,39739.0,-5.146737930235003e-05,0.0,0
0.048333856120793085,0.05626694964412293,1700.0,16763.0,0.00018583779572358569,-5.624587327997283e-05,0.0,39739.0,-5.146737930235003e-05,0.0,0
0.04833187445377439,0.05626694964412293,1701.0,16763.0,0.0001838561287049087,-5.624587327998399e-05,0.0,39739.0,-5.146737930235003e-05,0.0,0
0.04832991250467201,0.05626694964412293,1702.0,16763.0,0.00018189417960252037,-5.6245873279985205e-05,0.0,39739.0,-5.146737930235003e-05,0.0,0
0.048327970077289374,0.05626694964412293,1703.0,16763.0,0.00017995175221987452,-5.6245873279962376e-05,0.0,39739.0,-5.146737930235003e-05,0.0,0
0.0483260469773821,0.05626694964412293,1704.0,16763.0,0.00017802865231262056,-5.624587327998244e-05,0.0,39739.0,-5.146737930235003e-05,0.0,0
0.04832414301263866,0.05626694964412293,1705.0,16763.0,0.0001761246875691608,-5.624587327996186e-05,0.0,39739.0,-5.146737930235003e-05,0.0,0
0.048322257992660926,0.05626694964412293,1706.0,16763.0,0.0001742396675914301,-5.6245873279968075e-05,0.0,39739.0,-5.146737930235003e-05,0.0,0
0.04832039172894537,0.05626694964412293,1707.0,16763.0,0.00017237340387586547,-5.624587327997062e-05,0.0,39739.0,-5.146737930235003e-05,0.0,0
0.048318544034864026,0.05626694964412293,1708.0,16763.0,0.00017052570979454062,-5.6245873279981566e-05,0.0,39739.0,-5.146737930235003e-05,0.0,0
0.048316714725646005,0.05626694964412293,1709.0,16763.0,0.00016869640057650412,-5.6245873279967295e-05,0.0,39739.0,-5.146737930235003e-05,0.0,0
0.0483149036183588,0.05626694964412293,1710.0,16763.0,0.00016688529328930766,-5.6245873279977026e-05,0.0,39739.0,-5.146737930235003e-05,0.0,0
0.048313110531890226,0.05626694964412293,1711.0,16763.0,0.00016509220682072074,-5.624587327995774e-05,0.0,39739.0,-5.146737930235003e-05,0.0,0
0.04831133528693009,0.05626694964412293,1712.0,16763.0,0.0001633169618605962,-5.624587327997817e-05,0.0,39739.0,-5.146737930235003e-05,0.0,0
0.048309577705952456,0.05626694964412293,1713.0,16763.0,0.00016155938088296165,-5.6245873279975013e-05,0.0,39739.0,-5.146737930235003e-05,0.0,0
0.04830783761319774,0.05626694964412293,1714.0,16763.0,0.00015981928812825678,-5.624587327997696e-05,0.0,39739.0,-5.146737930235003e-05,0.0,0
0.04830611483465523,0.05626694964412293,1715.0,16763.0,0.00015809650958574885,-5.62458732799821e-05,0.0,39739.0,-5.146737930235003e-05,0.0,0
0.048304409198045656,0.05626694964412293,1716.0,16763.0,0.0001563908729761546,-5.6245873279971835e-05,0.0,39739.0,-5.146737930235003e-05,0.0,0
0.0483027205328039,0.05626694964412293,1717.0,16763.0,0.00015470220773438766,-5.624587327996106e-05,0.0,39739.0,-5.146737930235003e-05,0.0,0
0.04830104867006202,0.05626694964412293,1718.0,16763.0,0.00015303034499252155,-5.624587327997147e-05,0.0,39739.0,-5.146737930235003e-05,0.0,0
0.048299393442632385,0.05626694964412293,1719.0,16763.0,0.00015137511756288416,-5.624587327995415e-05,0.0,39739.0,-5.146737930235003e-05,0.0,0
0.04829775468499086,0.05626694964412293,1720.0,16763.0,0.0001497363599213518,-5.6245873279955843e-05,0.0,39739.0,-5.146737930235003e-05,0.0,0
0.0482961322332603,0.05626694964412293,1721.0,16763.0,0.00014811390819080209,-5.624587327997128e-05,0.0,39739.0,-5.146737930235003e-05,0.0,0
0.048294525925194204,0.05626694964412293,1722.0,16763.0,0.00014650760012470333,-5.624587327996181e-05,0.0,39739.0,-5.146737930235003e-05,0.0,0
0.0482929356001604,0.05626694964412293,1723.0,16763.0,0.00014491727509091171,-5.624587327997203e-05,0.0,39739.0,-5.146737930235003e-05,0.0,0
0.048291361099125095,0.05626694964412293,1724.0,16763.0,0.00014334277405559916,-5.6245873279970744e-05,0.0,39739.0,-5.146737930235003e-05,0.0,0
0.04828980226463684,0.05626694964412293,1725.0,16763.0,0.00014178393956734708,-5.624587327996798e-05,0.0,39739.0,-5.146737930235003e-05,0.0,0
0.04828825894081091,0.05626694964412293,1726.0,16763.0,0.0001402406157414156,-5.624587327997351e-05,0.0,39739.0,-5.146737930235003e-05,0.0,0
0.04828673097331362,0.05626694964412293,1727.0,16763.0,0.0001387126482441322,-5.624587327997817e-05,0.0,39739.0,-5.146737930235003e-05,0.0,0
0.04828521820934698,0.05626694964412293,1728.0,16763.0,0.00013719988427746656,-5.624587327995645e-05,0.0,39739.0,-5.146737930235003e-05,0.0,0
0.04828372049763327,0.05626694964412293,1729.0,16763.0,0.00013570217256377156,-5.62458732799707e-05,0.0,39739.0,-5.146737930235003e-05,0.0,0
0.04828223768840012,0.05626694964412293,1730.0,16763.0,0.00013421936333062197,-5.624587327996844e-05,0.0,39739.0,-5.146737930235003e-05,0.0,0
0.048280769633365334,0.05626694964412293,1731.0,16763.0,0.00013275130829586273,-5.6245873279989765e-05,0.0,39739.0,-5.146737930235003e-05,0.0,0
0.04827931618572225,0.05626694964412293,1732.0,16763.0,0.00013129786065276108,-5.624587327997108e-05,0.0,39739.0,-5.146737930235003e-05,0.0,0
0.04827787720012483,0.05626694964412293,1733.0,16763.0,0.00012985887505534806,-5.624587327998632e-05,0.0,39739.0,-5.146737930235003e-05,0.0,0
0.04827645253267336,0.05626694964412293,1734.0,16763.0,0.0001284342076038624,-5.624587327996565e-05,0.0,39739.0,-5.146737930235003e-05,0.0,0
0.04827504204089986,0.05626694964412293,1735.0,16763.0,0.00012702371583036705,-5.6245873279979506e-05,0.0,39739.0,-5.146737930235003e-05,0.0,0
0.048273645583754014,0.05626694964412293,1736.0,16763.0,0.000125627258684516,-5.624587327997997e-05,0.0,39739.0,-5.146737930235003e-05,0.0,0
0.04827226302158892,0.05626694964412293,1737.0,16763.0,0.00012424469651942818,-5.6245873279972954e-05,0.0,39739.0,-5.146737930235003e-05,0.0,0
0.04827089421614722,0.05626694964412293,1738.0,16763.0,0.00012287589107773777,-5.624587327998596e-05,0.0,39739.0,-5.146737930235003e-05,0.0,0
0.048269539030547245,0.05626694964412293,1739.0,16763.0,0.00012152070547775266,-5.624587327997334e-05,0.0,39739.0,-5.146737930235003e-05,0.0,0
0.048268197329269284,0.05626694964412293,1740.0,16763.0,0.00012017900419979014,-5.624587327996509e-05,0.0,39739.0,-5.146737930235003e-05,0.0,0
0.0482668689781421,0.05626694964412293,1741.0,16763.0,0.00011885065307260331,-5.62458732799721e-05,0.0,39739.0,-5.146737930235003e-05,0.0,0
0.04826555384432946,0.05626694964412293,1742.0,16763.0,0.0001175355192599689,-5.624587327998261e-05,0.0,39739.0,-5.146737930235003e-05,0.0,0
0.048264251796316916,0.05626694964412293,1743.0,16763.0,0.0001162334712474145,-5.624587327996502e-05,0.0,39739.0,-5.146737930235003e-05,0.0,0
0.04826296270389856,0.05626694964412293,1744.0,16763.0,0.00011494437882905178,-5.624587327995917e-05,0.0,39739.0,-5.146737930235003e-05,0.0,0
0.04826168643816405,0.05626694964412293,1745.0,16763.0,0.00011366811309456552,-5.624587327998562e-05,0.0,39739.0,-5.146737930235003e-05,0.0,0
0.04826042287148582,0.05626694964412293,1746.0,16763.0,0.00011240454641631439,-5.624587327996548e-05,0.0,39739.0,-5.146737930235003e-05,0.0,0
0.048259171877506085,0.05626694964412293,1747.0,16763.0,0.00011115355243658148,-5.624587327996356e-05,0.0,39739.0,-5.146737930235003e-05,0.0,0
0.048257933331124415,0.05626694964412293,1748.0,16763.0,0.00010991500605492599,-5.624587327997662e-05,0.0,39739.0,-5.146737930235003e-05,0.0,0
0.048256707108485175,0.05626694964412293,1749.0,16763.0,0.00010868878341568172,-5.6245873279980936e-05,0.0,39739.0,-5.146737930235003e-05,0.0,0
0.048255493086965036,0.05626694964412293,1750.0,16763.0,0.00010747476189555203,-5.624587327998402e-05,0.0,39739.0,-5.146737930235003e-05,0.0,0
0.04825429114516087,0.05626694964412293,1751.0,16763.0,0.00010627282009138342,-5.6245873279981566e-05,0.0,39739.0,-5.146737930235003e-05,0.0,0
0.04825310116287748,0.05626694964412293,1752.0,16763.0,0.00010508283780798628,-5.6245873279969145e-05,0.0,39739.0,-5.146737930235003e-05,0.0,0
0.04825192302111566,0.05626694964412293,1753.0,16763.0,0.00010390469604615016,-5.6245873279958784e-05,0.0,39739.0,-5.146737930235003e-05,0.0,0
0.048250756602060185,0.05626694964412293,1754.0,16763.0,0.00010273827699070972,-5.6245873279979676e-05,0.0,39739.0,-5.146737930235003e-05,0.0,0
0.04824960178906827,0.05626694964412293,1755.0,16763.0,0.00010158346399878767,-5.624587327999171e-05,0.0,39739.0,-5.146737930235003e-05,0.0,0
0.0482484584666576,0.05626694964412293,1756.0,16763.0,0.00010044014158812207,-5.624587327998508e-05,0.0,39739.0,-5.146737930235003e-05,0.0,0
0.048247326520495015,0.05626694964412293,1757.0,16763.0,9.930819542552222e-05,-5.6245873279984914e-05,0.0,39739.0,-5.146737930235003e-05,0.0,0
0.04824620583738493,0.05626694964412293,1758.0,16763.0,9.818751231542862e-05,-5.624587327996453e-05,0.0,39739.0,-5.146737930235003e-05,0.0,0
0.048245096305258084,0.05626694964412293,1759.0,16763.0,9.707798018859532e-05,-5.624587327997499e-05,0.0,39739.0,-5.146737930235003e-05,0.0,0
0.048243997813160376,0.05626694964412293,1760.0,16763.0,9.597948809088218e-05,-5.6245873279972296e-05,0.0,39739.0,-5.146737930235003e-05,0.0,0
0.04824291025124167,0.05626694964412293,1761.0,16763.0,9.489192617216943e-05,-5.624587327996011e-05,0.0,39739.0,-5.146737930235003e-05,0.0,0
0.04824183351074486,0.05626694964412293,1762.0,16763.0,9.38151856753533e-05,-5.62458732799656e-05,0.0,39739.0,-5.146737930235003e-05,0.0,0
0.048240767483995,0.05626694964412293,1763.0,16763.0,9.274915892549236e-05,-5.6245873279964436e-05,0.0,39739.0,-5.146737930235003e-05,0.0,0
0.0482397120643885,0.05626694964412293,1764.0,16763.0,9.1693739319018e-05,-5.6245873279985645e-05,0.0,39739.0,-5.146737930235003e-05,0.0,0
0.04823866714638259,0.05626694964412293,1765.0,16763.0,9.064882131309219e-05,-5.624587327997443e-05,0.0,39739.0,-5.146737930235003e-05,0.0,0
0.04823763262548454,0.05626694964412293,1766.0,16763.0,8.961430041504439e-05,-5.6245873279967566e-05,0.0,39739.0,-5.146737930235003e-05,0.0,0
0.048236608398241405,0.05626694964412293,1767.0,16763.0,8.859007317192314e-05,-5.624587327998693e-05,0.0,39739.0,-5.146737930235003e-05,0.0,0
0.04823559436222964,0.05626694964412293,1768.0,16763.0,8.757603716014722e-05,-5.6245873279965696e-05,0.0,39739.0,-5.146737930235003e-05,0.0,0
0.04823459041604477,0.05626694964412293,1769.0,16763.0,8.657209097527442e-05,-5.624587327997337e-05,0.0,39739.0,-5.146737930235003e-05,0.0,0
0.04823359645929134,0.05626694964412293,1770.0,16763.0,8.557813422184639e-05,-5.6245873279970744e-05,0.0,39739.0,-5.146737930235003e-05,0.0,0
0.04823261239257285,0.05626694964412293,1771.0,16763.0,8.459406750336525e-05,-5.6245873279973414e-05,0.0,39739.0,-5.146737930235003e-05,0.0,0
0.048231638117481816,0.05626694964412293,1772.0,16763.0,8.361979241233304e-05,-5.624587327997645e-05,0.0,39739.0,-5.146737930235003e-05,0.0,0
0.04823067353658993,0.05626694964412293,1773.0,16763.0,8.265521152043032e-05,-5.624587327996468e-05,0.0,39739.0,-5.146737930235003e-05,0.0,0
0.04822971855343825,0.05626694964412293,1774.0,16763.0,8.170022836876413e-05,-5.624587327998387e-05,0.0,39739.0,-5.146737930235003e-05,0.0,0
0.04822877307252772,0.05626694964412293,1775.0,16763.0,8.075474745822385e-05,-5.624587327996594e-05,0.0,39739.0,-5.146737930235003e-05,0.0,0
0.04822783699930944,0.05626694964412293,1776.0,16763.0,7.981867423993053e-05,-5.624587327995512e-05,0.0,39739.0,-5.146737930235003e-05,0.0,0
0.04822691024017527,0.05626694964412293,1777.0,16763.0,7.889191510578408e-05,-5.624587327996781e-05,0.0,39739.0,-5.146737930235003e-05,0.0,0
0.04822599270244858,0.05626694964412293,1778.0,16763.0,7.797437737909122e-05,-5.6245873279986127e-05,0.0,39739.0,-5.146737930235003e-05,0.0,0
0.048225084294374825,0.05626694964412293,1779.0,16763.0,7.706596930532259e-05,-5.624587327997744e-05,0.0,39739.0,-5.146737930235003e-05,0.0,0
0.04822418492511241,0.05626694964412293,1780.0,16763.0,7.616660004291687e-05,-5.624587327997793e-05,0.0,39739.0,-5.146737930235003e-05,0.0,0
0.04822329450472368,0.05626694964412293,1781.0,16763.0,7.527617965418677e-05,-5.624587327997089e-05,0.0,39739.0,-5.146737930235003e-05,0.0,0
0.04822241294416586,0.05626694964412293,1782.0,16763.0,7.439461909636019e-05,-5.624587327996434e-05,0.0,39739.0,-5.146737930235003e-05,0.0,0
0.04822154015528213,0.05626694964412293,1783.0,16763.0,7.352183021264172e-05,-5.624587327997771e-05,0.0,39739.0,-5.146737930235003e-05,0.0,0
0.04822067605079291,0.05626694964412293,1784.0,16763.0,7.265772572342224e-05,-5.624587327998431e-05,0.0,39739.0,-5.146737930235003e-05,0.0,0
0.04821982054428702,0.05626694964412293,1785.0,16763.0,7.180221921752727e-05,-5.6245873279966475e-05,0.0,39739.0,-5.146737930235003e-05,0.0,0
0.04821897355021309,0.05626694964412293,1786.0,16763.0,7.095522514359252e-05,-5.624587327997438e-05,0.0,39739.0,-5.146737930235003e-05,0.0,0
0.048218134983870994,0.05626694964412293,1787.0,16763.0,7.011665880150965e-05,-5.6245873279971497e-05,0.0,39739.0,-5.146737930235003e-05,0.0,0
0.04821730476140343,0.05626694964412293,1788.0,16763.0,6.928643633394115e-05,-5.624587327998924e-05,0.0,39739.0,-5.146737930235003e-05,0.0,0
0.04821648279978743,0.05626694964412293,1789.0,16763.0,6.846447471795065e-05,-5.6245873279979235e-05,0.0,39739.0,-5.146737930235003e-05,0.0,0
0.04821566901682616,0.05626694964412293,1790.0,16763.0,6.765069175668961e-05,-5.624587328000321e-05,0.0,39739.0,-5.146737930235003e-05,0.0,0
0.04821486333114069,0.05626694964412293,1791.0,16763.0,6.684500607118712e-05,-5.624587327996109e-05,0.0,39739.0,-5.146737930235003e-05,0.0,0
0.048214065662161694,0.05626694964412293,1792.0,16763.0,6.604733709219843e-05,-5.6245873279979384e-05,0.0,39739.0,-5.146737930235003e-05,0.0,0
0.04821327593012166,0.05626694964412293,1793.0,16763.0,6.525760505216842e-05,-5.6245873279969796e-05,0.0,39739.0,-5.146737930235003e-05,0.0,0
0.04821249405604672,0.05626694964412293,1794.0,16763.0,6.447573097722978e-05,-5.624587327997725e-05,0.0,39739.0,-5.146737930235003e-05,0.0,0
0.04821171996174881,0.05626694964412293,1795.0,16763.0,6.370163667931918e-05,-5.6245873279964314e-05,0.0,39739.0,-5.146737930235003e-05,0.0,0
0.048210953569817874,0.05626694964412293,1796.0,16763.0,6.293524474837043e-05,-5.624587327996786e-05,0.0,39739.0,-5.146737930235003e-05,0.0,0
0.048210194803614034,0.05626694964412293,1797.0,16763.0,6.217647854454783e-05,-5.624587327998035e-05,0.0,39739.0,-5.146737930235003e-05,0.0,0
0.048209443587260085,0.05626694964412293,1798.0,16763.0,6.142526219059701e-05,-5.62458732799722e-05,0.0,39739.0,-5.146737930235003e-05,0.0,0
0.04820869984563376,0.05626694964412293,1799.0,16763.0,6.068152056425686e-05,-5.624587327996924e-05,0.0,39739.0,-5.146737930235003e-05,0.0,0
0.048207963504360234,0.05626694964412293,1800.0,16763.0,5.9945179290750685e-05,-5.6245873279986465e-05,0.0,39739.0,-5.146737930235003e-05,0.0,0
0.048207234489804816,0.05626694964412293,1801.0,16763.0,5.9216164735330896e-05,-5.624587327998494e-05,0.0,39739.0,-5.146737930235003e-05,0.0,0
0.04820651272906543,0.05626694964412293,1802.0,16763.0,5.84944039959404e-05,-5.624587327997339e-05,0.0,39739.0,-5.146737930235003e-05,0.0,0
0.04820579814996539,0.05626694964412293,1803.0,16763.0,5.777982489589657e-05,-5.624587327997254e-05,0.0,39739.0,-5.146737930235003e-05,0.0,0
0.04820509068104619,0.05626694964412293,1804.0,16763.0,5.707235597669769e-05,-5.624587327997186e-05,0.0,39739.0,-5.146737930235003e-05,0.0,0
0.04820439025156036,0.05626694964412293,1805.0,16763.0,5.6371926490860376e-05,-5.624587327996892e-05,0.0,39739.0,-5.146737930235003e-05,0.0,0
0.048203696791464364,0.05626694964412293,1806.0,16763.0,5.567846639486119e-05,-5.62458732799556e-05,0.0,39739.0,-5.146737930235003e-05,0.0,0
0.048203010231411596,0.05626694964412293,1807.0,16763.0,5.499190634209698e-05,-5.624587327997807e-05,0.0,39739.0,-5.146737930235003e-05,0.0,0
0.048202330502745507,0.05626694964412293,1808.0,16763.0,5.4312177676004664e-05,-5.624587327996781e-05,0.0,39739.0,-5.146737930235003e-05,0.0,0
0.04820165753749264,0.05626694964412293,1809.0,16763.0,5.36392124231423e-05,-5.6245873279966814e-05,0.0,39739.0,-5.146737930235003e-05,0.0,0
0.04820099126835594,0.05626694964412293,1810.0,16763.0,5.297294328642895e-05,-5.624587327995478e-05,0.0,39739.0,-5.146737930235003e-05,0.0,0
0.048200331628707876,0.05626694964412293,1811.0,16763.0,5.2313303638391196e-05,-5.6245873279987245e-05,0.0,39739.0,-5.146737930235003e-05,0.0,0
0.04819967855258401,0.05626694964412293,1812.0,16763.0,5.166022751452121e-05,-5.624587327997516e-05,0.0,39739.0,-5.146737930235003e-05,0.0,0
0.04819903197467615,0.05626694964412293,1813.0,16763.0,5.101364960665307e-05,-5.6245873279970135e-05,0.0,39739.0,-5.146737930235003e-05,0.0,0
0.04819839183032596,0.05626694964412293,1814.0,16763.0,5.0373505256464414e-05,-5.6245873279972344e-05,0.0,39739.0,-5.146737930235003e-05,0.0,0
0.048197758055518465,0.05626694964412293,1815.0,16763.0,4.9739730448985056e-05,-5.6245873279988024e-05,0.0,39739.0,-5.146737930235003e-05,0.0,0
0.0481971305868757,0.05626694964412293,1816.0,16763.0,4.911226180620651e-05,-5.62458732799838e-05,0.0,39739.0,-5.146737930235003e-05,0.0,0
0.048196509361650236,0.05626694964412293,1817.0,16763.0,4.849103658073962e-05,-5.624587327997038e-05,0.0,39739.0,-5.146737930235003e-05,0.0,0
0.048195894317719035,0.05626694964412293,1818.0,16763.0,4.787599264954599e-05,-5.624587327998028e-05,0.0,39739.0,-5.146737930235003e-05,0.0,0
0.04819528539357721,0.05626694964412293,1819.0,16763.0,4.7267068507719164e-05,-5.624587327997232e-05,0.0,39739.0,-5.146737930235003e-05,0.0,0
0.04819468252833184,0.05626694964412293,1820.0,16763.0,4.666420326233946e-05,-5.6245873279972784e-05,0.0,39739.0,-5.146737930235003e-05,0.0,0
0.04819408566169587,0.05626694964412293,1821.0,16763.0,4.6067336626376064e-05,-5.6245873279977636e-05,0.0,39739.0,-5.146737930235003e-05,0.0,0
0.048193494733982156,0.05626694964412293,1822.0,16763.0,4.5476408912668154e-05,-5.624587327997581e-05,0.0,39739.0,-5.146737930235003e-05,0.0,0
0.04819290968609745,0.05626694964412293,1823.0,16763.0,4.489136102795831e-05,-5.6245873279984575e-05,0.0,39739.0,-5.146737930235003e-05,0.0,0
0.04819233045953645,0.05626694964412293,1824.0,16763.0,4.431213446696297e-05,-5.624587327997108e-05,0.0,39739.0,-5.146737930235003e-05,0.0,0
0.04819175699637604,0.05626694964412293,1825.0,16763.0,4.373867130654426e-05,-5.624587327998052e-05,0.0,39739.0,-5.146737930235003e-05,0.0,0
0.0481911892392694,0.05626694964412293,1826.0,16763.0,4.3170914199915444e-05,-5.6245873279977514e-05,0.0,39739.0,-5.146737930235003e-05,0.0,0
0.048190627131440365,0.05626694964412293,1827.0,16763.0,4.2608806370884205e-05,-5.6245873279990836e-05,0.0,39739.0,-5.146737930235003e-05,0.0,0
0.0481900706166777,0.05626694964412293,1828.0,16763.0,4.205229160820492e-05,-5.624587327997383e-05,0.0,39739.0,-5.146737930235003e-05,0.0,0
0.04818951963932944,0.05626694964412293,1829.0,16763.0,4.15013142599344e-05,-5.6245873279963026e-05,0.0,39739.0,-5.146737930235003e-05,0.0,0
0.04818897414429737,0.05626694964412293,1830.0,16763.0,4.095581922788159e-05,-5.6245873279983606e-05,0.0,39739.0,-5.146737930235003e-05,0.0,0
0.04818843407703158,0.05626694964412293,1831.0,16763.0,4.041575196208318e-05,-5.624587327997494e-05,0.0,39739.0,-5.146737930235003e-05,0.0,0
0.04818789938352488,0.05626694964412293,1832.0,16763.0,3.988105845536827e-05,-5.6245873279949535e-05,0.0,39739.0,-5.146737930235003e-05,0.0,0
0.048187370010307436,0.05626694964412293,1833.0,16763.0,3.9351685237936966e-05,-5.624587327996519e-05,0.0,39739.0,-5.146737930235003e-05,0.0,0
0.04818684590444153,0.05626694964412293,1834.0,16763.0,3.882757937203044e-05,-5.624587327996473e-05,0.0,39739.0,-5.146737930235003e-05,0.0,0
0.04818632701351612,0.05626694964412293,1835.0,16763.0,3.8308688446622044e-05,-5.6245873279969484e-05,0.0,39739.0,-5.146737930235003e-05,0.0,0
0.04818581328564168,0.05626694964412293,1836.0,16763.0,3.779496057218393e-05,-5.624587327997419e-05,0.0,39739.0,-5.146737930235003e-05,0.0,0
0.048185304669445005,0.05626694964412293,1837.0,16763.0,3.728634437550754e-05,-5.6245873279978415e-05,0.0,39739.0,-5.146737930235003e-05,0.0,0
0.04818480111406404,0.05626694964412293,1838.0,16763.0,3.678278899454555e-05,-5.624587327996732e-05,0.0,39739.0,-5.146737930235003e-05,0.0,0
0.04818430256914284,0.05626694964412293,1839.0,16763.0,3.628424407333911e-05,-5.6245873279958784e-05,0.0,39739.0,-5.146737930235003e-05,0.0,0
0.04818380898482648,0.05626694964412293,1840.0,16763.0,3.5790659756985604e-05,-5.624587327997579e-05,0.0,39739.0,-5.146737930235003e-05,0.0,0
0.04818332031175612,0.05626694964412293,1841.0,16763.0,3.530198668663228e-05,-5.624587327997099e-05,0.0,39739.0,-5.146737930235003e-05,0.0,0
0.04818283650106407,0.05626694964412293,1842.0,16763.0,3.4818175994578073e-05,-5.624587327997303e-05,0.0,39739.0,-5.146737930235003e-05,0.0,0
0.04818235750436884,0.05626694964412293,1843.0,16763.0,3.4339179299341465e-05,-5.624587327997123e-05,0.0,39739.0,-5.146737930235003e-05,0.0,0
0.04818188327377036,0.05626694964412293,1844.0,16763.0,3.386494870085524e-05,-5.624587327996055e-05,0.0,39739.0,-5.146737930235003e-05,0.0,0
0.048181413761845156,0.05626694964412293,1845.0,16763.0,3.339543677566623e-05,-5.6245873279974844e-05,0.0,39739.0,-5.146737930235003e-05,0.0,0
0.04818094892164169,0.05626694964412293,1846.0,16763.0,3.293059657218632e-05,-5.624587327996788e-05,0.0,39739.0,-5.146737930235003e-05,0.0,0
0.0481804887066755,0.05626694964412293,1847.0,16763.0,3.2470381606016385e-05,-5.6245873279982054e-05,0.0,39739.0,-5.146737930235003e-05,0.0,0
0.048180033070924756,0.05626694964412293,1848.0,16763.0,3.2014745855267564e-05,-5.624587327998756e-05,0.0,39739.0,-5.146737930235003e-05,0.0,0
0.04817958196882549,0.05626694964412293,1849.0,16763.0,3.156364375598837e-05,-5.62458732799608e-05,0.0,39739.0,-5.146737930235003e-05,0.0,0
0.048179135355267105,0.05626694964412293,1850.0,16763.0,3.1117030197595794e-05,-5.6245873279952814e-05,0.0,39739.0,-5.146737930235003e-05,0.0,0
0.04817869318558785,0.05626694964412293,1851.0,16763.0,3.067486051835964e-05,-5.624587327996123e-05,0.0,39739.0,-5.146737930235003e-05,0.0,0
0.04817825541557042,0.05626694964412293,1852.0,16763.0,3.0237090500937858e-05,-5.624587327999229e-05,0.0,39739.0,-5.146737930235003e-05,0.0,0
0.04817782200143747,0.05626694964412293,1853.0,16763.0,2.980367636797151e-05,-5.624587327997375e-05,0.0,39739.0,-5.146737930235003e-05,0.0,0
0.048177392899847175,0.05626694964412293,1854.0,16763.0,2.9374574777681624e-05,-5.62458732799765e-05,0.0,39739.0,-5.146737930235003e-05,0.0,0
0.048176968067889056,0.05626694964412293,1855.0,16763.0,2.8949742819555656e-05,-5.6245873279974e-05,0.0,39739.0,-5.146737930235003e-05,0.0,0
0.04817654746307953,0.05626694964412293,1856.0,16763.0,2.8529138010046263e-05,-5.624587327997453e-05,0.0,39739.0,-5.146737930235003e-05,0.0,0
0.0481761310433578,0.05626694964412293,1857.0,16763.0,2.8112718288312545e-05,-5.624587327997771e-05,0.0,39739.0,-5.146737930235003e-05,0.0,0
0.048175718767081536,0.05626694964412293,1858.0,16763.0,2.7700442012039667e-05,-5.6245873279971524e-05,0.0,39739.0,-5.146737930235003e-05,0.0,0
0.048175310593022776,0.05626694964412293,1859.0,16763.0,2.7292267953257986e-05,-5.624587327994679e-05,0.0,39739.0,-5.146737930235003e-05,0.0,0
0.04817490648036371,0.05626694964412293,1860.0,16763.0,2.6888155294222415e-05,-5.624587327997543e-05,0.0,39739.0,-5.146737930235003e-05,0.0,0
0.04817450638869283,0.05626694964412293,1861.0,16763.0,2.648806362332498e-05,-5.6245873279960695e-05,0.0,39739.0,-5.146737930235003e-05,0.0,0
0.048174110278000566,0.05626694964412293,1862.0,16763.0,2.6091952931071076e-05,-5.624587327997164e-05,0.0,39739.0,-5.146737930235003e-05,0.0,0
0.048173718108675545,0.05626694964412293,1863.0,16763.0,2.5699783606057984e-05,-5.624587327997598e-05,0.0,39739.0,-5.146737930235003e-05,0.0,0
0.04817332984150052,0.05626694964412293,1864.0,16763.0,2.531151643102406e-05,-5.624587327996393e-05,0.0,39739.0,-5.146737930235003e-05,0.0,0
0.048172945437648426,0.05626694964412293,1865.0,16763.0,2.4927112578936808e-05,-5.624587327998302e-05,0.0,39739.0,-5.146737930235003e-05,0.0,0
0.048172564858678574,0.05626694964412293,1866.0,16763.0,2.4546533609079898e-05,-5.624587327997016e-05,0.0,39739.0,-5.146737930235003e-05,0.0,0
0.048172188066532735,0.05626694964412293,1867.0,16763.0,2.416974146324767e-05,-5.6245873279984283e-05,0.0,39739.0,-5.146737930235003e-05,0.0,0
0.04817181502353141,0.05626694964412293,1868.0,16763.0,2.37966984619124e-05,-5.6245873279959245e-05,0.0,39739.0,-5.146737930235003e-05,0.0,0
0.04817144569236995,0.05626694964412293,1869.0,16763.0,2.3427367300453928e-05,-5.624587327996235e-05,0.0,39739.0,-5.146737930235003e-05,0.0,0
0.04817108003611494,0.05626694964412293,1870.0,16763.0,2.3061711045454583e-05,-5.6245873279985544e-05,0.0,39739.0,-5.146737930235003e-05,0.0,0
0.04817071801820047,0.05626694964412293,1871.0,16763.0,2.2699693130983924e-05,-5.624587327997676e-05,0.0,39739.0,-5.146737930235003e-05,0.0,0
0.04817035960242443,0.05626694964412293,1872.0,16763.0,2.2341277354948055e-05,-5.624587327997936e-05,0.0,39739.0,-5.146737930235003e-05,0.0,0
0.048170004752944966,0.05626694964412293,1873.0,16763.0,2.198642787547033e-05,-5.6245873279966184e-05,0.0,39739.0,-5.146737930235003e-05,0.0,0
0.04816965343427681,0.05626694964412293,1874.0,16763.0,2.1635109207307746e-05,-5.6245873279962105e-05,0.0,39739.0,-5.146737930235003e-05,0.0,0
0.048169305611287794,0.05626694964412293,1875.0,16763.0,2.1287286218300184e-05,-5.6245873279980936e-05,0.0,39739.0,-5.146737930235003e-05,0.0,0
0.048168961249195355,0.05626694964412293,1876.0,16763.0,2.0942924125855508e-05,-5.624587327997448e-05,0.0,39739.0,-5.146737930235003e-05,0.0,0
0.04816862031356298,0.05626694964412293,1877.0,16763.0,2.0601988493486505e-05,-5.624587327996725e-05,0.0,39739.0,-5.146737930235003e-05,0.0,0
0.04816828277029684,0.05626694964412293,1878.0,16763.0,2.0264445227338037e-05,-5.624587327996616e-05,0.0,39739.0,-5.146737930235003e-05,0.0,0
0.04816794858564231,0.05626694964412293,1879.0,16763.0,1.9930260572804803e-05,-5.624587327996266e-05,0.0,39739.0,-5.146737930235003e-05,0.0,0
0.04816761772618063,0.05626694964412293,1880.0,16763.0,1.9599401111144543e-05,-5.624587327997489e-05,0.0,39739.0,-5.146737930235003e-05,0.0,0
0.048167290158825614,0.05626694964412293,1881.0,16763.0,1.927183375613003e-05,-5.6245873279984405e-05,0.0,39739.0,-5.146737930235003e-05,0.0,0
0.048166965850820254,0.05626694964412293,1882.0,16763.0,1.89475257507581e-05,-5.624587327996895e-05,0.0,39739.0,-5.146737930235003e-05,0.0,0
0.048166644769733445,0.05626694964412293,1883.0,16763.0,1.8626444663953635e-05,-5.6245873279976376e-05,0.0,39739.0,-5.146737930235003e-05,0.0,0
0.04816632688345684,0.05626694964412293,1884.0,16763.0,1.8308558387345356e-05,-5.624587327996654e-05,0.0,39739.0,-5.146737930235003e-05,0.0,0
0.04816601216020153,0.05626694964412293,1885.0,16763.0,1.799383513203884e-05,-5.6245873279981736e-05,0.0,39739.0,-5.146737930235003e-05,0.0,0
0.04816570056849493,0.05626694964412293,1886.0,16763.0,1.7682243425445827e-05,-5.624587327997783e-05,0.0,39739.0,-5.146737930235003e-05,0.0,0
0.048165392077177634,0.05626694964412293,1887.0,16763.0,1.7373752108131726e-05,-5.6245873279972174e-05,0.0,39739.0,-5.146737930235003e-05,0.0,0
0.0481650866554002,0.05626694964412293,1888.0,16763.0,1.706833033071961e-05,-5.6245873279984236e-05,0.0,39739.0,-5.146737930235003e-05,0.0,0
0.04816478427262026,0.05626694964412293,1889.0,16763.0,1.676594755076235e-05,-5.624587327996999e-05,0.0,39739.0,-5.146737930235003e-05,0.0,0
0.04816448489859923,0.05626694964412293,1890.0,16763.0,1.6466573529739913e-05,-5.62458732799689e-05,0.0,39739.0,-5.146737930235003e-05,0.0,0
0.04816418850339949,0.05626694964412293,1891.0,16763.0,1.6170178329996297e-05,-5.624587327997572e-05,0.0,39739.0,-5.146737930235003e-05,0.0,0
0.04816389505738125,0.05626694964412293,1892.0,16763.0,1.5876732311767028e-05,-5.624587327997856e-05,0.0,39739.0,-5.146737930235003e-05,0.0,0
0.04816360453119969,0.05626694964412293,1893.0,16763.0,1.55862061302047e-05,-5.6245873279990524e-05,0.0,39739.0,-5.146737930235003e-05,0.0,0
0.048163316895801944,0.05626694964412293,1894.0,16763.0,1.5298570732447503e-05,-5.624587327996521e-05,0.0,39739.0,-5.146737930235003e-05,0.0,0
0.04816303212242421,0.05626694964412293,1895.0,16763.0,1.5013797354718606e-05,-5.624587327997441e-05,0.0,39739.0,-5.146737930235003e-05,0.0,0
0.04816275018258894,0.05626694964412293,1896.0,16763.0,1.4731857519443546e-05,-5.624587327997686e-05,0.0,39739.0,-5.146737930235003e-05,0.0,0
0.048162471048101896,0.05626694964412293,1897.0,16763.0,1.4452723032401652e-05,-5.6245873279965066e-05,0.0,39739.0,-5.146737930235003e-05,0.0,0
0.0481621946910494,0.05626694964412293,1898.0,16763.0,1.41763659799137e-05,-5.624587327997492e-05,0.0,39739.0,-5.146737930235003e-05,0.0,0
0.048161921083795536,0.05626694964412293,1899.0,16763.0,1.3902758726039051e-05,-5.624587327997458e-05,0.0,39739.0,-5.146737930235003e-05,0.0,0
0.048161650198979326,0.05626694964412293,1900.0,16763.0,1.363187390983182e-05,-5.624587327996793e-05,0.0,39739.0,-5.146737930235003e-05,0.0,0
0.04816138200951207,0.05626694964412293,1901.0,16763.0,1.3363684442579321e-05,-5.624587327998264e-05,0.0,39739.0,-5.146737930235003e-05,0.0,0
0.048161116488574594,0.05626694964412293,1902.0,16763.0,1.3098163505111254e-05,-5.6245873279985015e-05,0.0,39739.0,-5.146737930235003e-05,0.0,0
0.048160853609614626,0.05626694964412293,1903.0,16763.0,1.2835284545111885e-05,-5.62458732799589e-05,0.0,39739.0,-5.146737930235003e-05,0.0,0
0.048160593346343976,0.05626694964412293,1904.0,16763.0,1.2575021274475021e-05,-5.6245873279963175e-05,0.0,39739.0,-5.146737930235003e-05,0.0,0
0.04816033567273612,0.05626694964412293,1905.0,16763.0,1.2317347666645221e-05,-5.6245873279992e-05,0.0,39739.0,-5.146737930235003e-05,0.0,0
0.04816008056302356,0.05626694964412293,1906.0,16763.0,1.2062237954049264e-05,-5.624587327995687e-05,0.0,39739.0,-5.146737930235003e-05,0.0,0
0.04815982799169501,0.05626694964412293,1907.0,16763.0,1.1809666625513469e-05,-5.6245873279963704e-05,0.0,39739.0,-5.146737930235003e-05,0.0,0
0.04815957793349316,0.05626694964412293,1908.0,16763.0,1.1559608423681463e-05,-5.6245873279985984e-05,0.0,39739.0,-5.146737930235003e-05,0.0,0
0.04815933036341202,0.05626694964412293,1909.0,16763.0,1.1312038342528704e-05,-5.624587327997031e-05,0.0,39739.0,-5.146737930235003e-05,0.0,0
0.04815908525669434,0.05626694964412293,1910.0,16763.0,1.1066931624847364e-05,-5.624587327997351e-05,0.0,39739.0,-5.146737930235003e-05,0.0,0
0.048158842588829236,0.05626694964412293,1911.0,16763.0,1.0824263759751648e-05,-5.624587327998477e-05,0.0,39739.0,-5.146737930235003e-05,0.0,0
0.048158602335549756,0.05626694964412293,1912.0,16763.0,1.0584010480256768e-05,-5.624587327996235e-05,0.0,39739.0,-5.146737930235003e-05,0.0,0
0.04815836447283034,0.05626694964412293,1913.0,16763.0,1.0346147760841608e-05,-5.624587327997375e-05,0.0,39739.0,-5.146737930235003e-05,0.0,0
0.04815812897688453,0.05626694964412293,1914.0,16763.0,1.011065181502307e-05,-5.624587327996206e-05,0.0,39739.0,-5.146737930235003e-05,0.0,0
0.04815789582416253,0.05626694964412293,1915.0,16763.0,9.877499093020356e-06,-5.6245873279956745e-05,0.0,39739.0,-5.146737930235003e-05,0.0,0
0.04815766499134886,0.05626694964412293,1916.0,16763.0,9.646666279363803e-06,-5.624587327997761e-05,0.0,39739.0,-5.146737930235003e-05,0.0,0
0.04815743645536006,0.05626694964412293,1917.0,16763.0,9.41813029057648e-06,-5.6245873279987394e-05,0.0,39739.0,-5.146737930235003e-05,0.0,0
0.04815721019334236,0.05626694964412293,1918.0,16763.0,9.191868272872475e-06,-5.6245873279985354e-05,0.0,39739.0,-5.146737930235003e-05,0.0,0
0.048156986182669365,0.05626694964412293,1919.0,16763.0,8.967857599861008e-06,-5.6245873279956575e-05,0.0,39739.0,-5.146737930235003e-05,0.0,0
0.048156764400939786,0.05626694964412293,1920.0,16763.0,8.74607587028793e-06,-5.624587327996953e-05,0.0,39739.0,-5.146737930235003e-05,0.0,0
0.048156544825975284,0.05626694964412293,1921.0,16763.0,8.526500905797878e-06,-5.62458732799862e-05,0.0,39739.0,-5.146737930235003e-05,0.0,0
0.04815632743581821,0.05626694964412293,1922.0,16763.0,8.309110748709809e-06,-5.624587327996138e-05,0.0,39739.0,-5.146737930235003e-05,0.0,0
0.048156112208729326,0.05626694964412293,1923.0,16763.0,8.09388365982034e-06,-5.624587327995946e-05,0.0,39739.0,-5.146737930235003e-05,0.0,0
0.04815589912318574,0.05626694964412293,1924.0,16763.0,7.880798116250373e-06,-5.624587327996846e-05,0.0,39739.0,-5.146737930235003e-05,0.0,0
0.04815568815787876,0.05626694964412293,1925.0,16763.0,7.669832809265525e-06,-5.624587327997863e-05,0.0,39739.0,-5.146737930235003e-05,0.0,0
0.048155479291711656,0.05626694964412293,1926.0,16763.0,7.460966642154713e-06,-5.624587327996322e-05,0.0,39739.0,-5.146737930235003e-05,0.0,0
0.04815527250379763,0.05626694964412293,1927.0,16763.0,7.254178728134591e-06,-5.624587327996982e-05,0.0,39739.0,-5.146737930235003e-05,0.0,0
0.048155067773457724,0.05626694964412293,1928.0,16763.0,7.0494483882366004e-06,-5.6245873279979045e-05,0.0,39739.0,-5.146737930235003e-05,0.0,0
0.04815486508021875,0.05626694964412293,1929.0,16763.0,6.846755149255274e-06,-5.6245873279968413e-05,0.0,39739.0,-5.146737930235003e-05,0.0,0
0.04815466440381119,0.05626694964412293,1930.0,16763.0,6.646078741700623e-06,-5.624587327996281e-05,0.0,39739.0,-5.146737930235003e-05,0.0,0
0.048154465724167275,0.05626694964412293,1931.0,16763.0,6.447399097764947e-06,-5.624587327995968e-05,0.0,39739.0,-5.146737930235003e-05,0.0,0
0.04815426902141881,0.05626694964412293,1932.0,16763.0,6.250696349314827e-06,-5.624587327996332e-05,0.0,39739.0,-5.146737930235003e-05,0.0,0
0.04815407427589541,0.05626694964412293,1933.0,16763.0,6.055950825919348e-06,-5.624587327997314e-05,0.0,39739.0,-5.146737930235003e-05,0.0,0
0.04815388146812235,0.05626694964412293,1934.0,16763.0,5.863143052853091e-06,-5.624587327996754e-05,0.0,39739.0,-5.146737930235003e-05,0.0,0
0.04815369057881867,0.05626694964412293,1935.0,16763.0,5.672253749183885e-06,-5.624587327997633e-05,0.0,39739.0,-5.146737930235003e-05,0.0,0
0.04815350158889531,0.05626694964412293,1936.0,16763.0,5.483263825824046e-06,-5.624587327998198e-05,0.0,39739.0,-5.146737930235003e-05,0.0,0
0.04815331447945312,0.05626694964412293,1937.0,16763.0,5.2961543836184675e-06,-5.624587327996327e-05,0.0,39739.0,-5.146737930235003e-05,0.0,0
0.04815312923178096,0.05626694964412293,1938.0,16763.0,5.110906711470461e-06,-5.624587327997919e-05,0.0,39739.0,-5.146737930235003e-05,0.0,0
0.048152945827353945,0.05626694964412293,1939.0,16763.0,4.927502284455877e-06,-5.6245873279979865e-05,0.0,39739.0,-5.146737930235003e-05,0.0,0
0.048152764247831464,0.05626694964412293,1940.0,16763.0,4.745922761985498e-06,-5.624587327998399e-05,0.0,39739.0,-5.146737930235003e-05,0.0,0
0.04815258447505545,0.05626694964412293,1941.0,16763.0,4.56614998595034e-06,-5.624587327996812e-05,0.0,39739.0,-5.146737930235003e-05,0.0,0
0.04815240649104841,0.05626694964412293,1942.0,16763.0,4.388165978923642e-06,-5.624587327997662e-05,0.0,39739.0,-5.146737930235003e-05,0.0,0
0.04815223027801184,0.05626694964412293,1943.0,16763.0,4.211952942355231e-06,-5.6245873279989427e-05,0.0,39739.0,-5.146737930235003e-05,0.0,0
0.04815205581832428,0.05626694964412293,1944.0,16763.0,4.037493254798269e-06,-5.6245873279978876e-05,0.0,39739.0,-5.146737930235003e-05,0.0,0
0.048151883094539626,0.05626694964412293,1945.0,16763.0,3.864769470137679e-06,-5.624587327997756e-05,0.0,39739.0,-5.146737930235003e-05,0.0,0
0.04815171208938534,0.05626694964412293,1946.0,16763.0,3.69376431584575e-06,-5.6245873279971666e-05,0.0,39739.0,-5.146737930235003e-05,0.0,0
0.048151542785760774,0.05626694964412293,1947.0,16763.0,3.5244606912725728e-06,-5.624587327996118e-05,0.0,39739.0,-5.146737930235003e-05,0.0,0
0.048151375166735406,0.05626694964412293,1948.0,16763.0,3.3568416659088782e-06,-5.624587327996356e-05,0.0,39739.0,-5.146737930235003e-05,0.0,0
0.04815120921554722,0.05626694964412293,1949.0,16763.0,3.190890477716842e-06,-5.624587327996778e-05,0.0,39739.0,-5.146737930235003e-05,0.0,0
0.04815104491560093,0.05626694964412293,1950.0,16763.0,3.026590531435525e-06,-5.62458732799639e-05,0.0,39739.0,-5.146737930235003e-05,0.0,0
0.04815088225046643,0.05626694964412293,1951.0,16763.0,2.8639253969339487e-06,-5.624587327997232e-05,0.0,39739.0,-5.146737930235003e-05,0.0,0
0.048150721203877055,0.05626694964412293,1952.0,16763.0,2.702878807564938e-06,-5.624587327997788e-05,0.0,39739.0,-5.146737930235003e-05,0.0,0
0.04815056175972802,0.05626694964412293,1953.0,16763.0,2.5434346585347796e-06,-5.624587327998657e-05,0.0,39739.0,-5.146737930235003e-05,0.0,0
0.048150403902074784,0.05626694964412293,1954.0,16763.0,2.3855770052929027e-06,-5.6245873279972615e-05,0.0,39739.0,-5.146737930235003e-05,0.0,0
0.048150247615131425,0.05626694964412293,1955.0,16763.0,2.229290061945865e-06,-5.624587327998571e-05,0.0,39739.0,-5.146737930235003e-05,0.0,0
0.04815009288326915,0.05626694964412293,1956.0,16763.0,2.0745581996680008e-06,-5.624587327999057e-05,0.0,39739.0,-5.146737930235003e-05,0.0,0
0.048149939691014644,0.05626694964412293,1957.0,16763.0,1.92136594514102e-06,-5.624587327997125e-05,0.0,39739.0,-5.146737930235003e-05,0.0,0
0.04814978802304851,0.05626694964412293,1958.0,16763.0,1.7696979790203129e-06,-5.624587327996987e-05,0.0,39739.0,-5.146737930235003e-05,0.0,0
0.048149637864203884,0.05626694964412293,1959.0,16763.0,1.6195391343755382e-06,-5.6245873279959265e-05,0.0,39739.0,-5.146737930235003e-05,0.0,0
0.04814948919946469,0.05626694964412293,1960.0,16763.0,1.4708743951972896e-06,-5.6245873279976274e-05,0.0,39739.0,-5.146737930235003e-05,0.0,0
0.048149342013964376,0.05626694964412293,1961.0,16763.0,1.32368889489108e-06,-5.62458732799771e-05,0.0,39739.0,-5.146737930235003e-05,0.0,0
0.04814919629298428,0.05626694964412293,1962.0,16763.0,1.1779679147812971e-06,-5.624587327996645e-05,0.0,39739.0,-5.146737930235003e-05,0.0,0
0.04814905202195214,0.05626694964412293,1963.0,16763.0,1.0336968826527419e-06,-5.624587327998414e-05,0.0,39739.0,-5.146737930235003e-05,0.0,0
0.04814890918644076,0.05626694964412293,1964.0,16763.0,8.908613712760976e-07,-5.624587327997902e-05,0.0,39739.0,-5.146737930235003e-05,0.0,0
0.04814876777216647,0.05626694964412293,1965.0,16763.0,7.494470969850659e-07,-5.624587327997581e-05,0.0,39739.0,-5.146737930235003e-05,0.0,0
0.04814862776498772,0.05626694964412293,1966.0,16763.0,6.094399182302749e-07,-5.624587327997662e-05,0.0,39739.0,-5.146737930235003e-05,0.0,0
0.048148489150903695,0.05626694964412293,1967.0,16763.0,4.708258341868641e-07,-5.624587327994842e-05,0.0,39739.0,-5.146737930235003e-05,0.0,0
0.048148351916052816,0.05626694964412293,1968.0,16763.0,3.335909833212954e-07,-5.624587327998028e-05,0.0,39739.0,-5.146737930235003e-05,0.0,0
0.04814821604671154,0.05626694964412293,1969.0,16763.0,1.977216420369508e-07,-5.6245873279962444e-05,0.0,39739.0,-5.146737930235003e-05,0.0,0
0.048148081529292786,0.05626694964412293,1970.0,16763.0,6.320422328767394e-08,-5.624587327996628e-05,0.0,39739.0,-5.146737930235003e-05,0.0,0
0.0481479483503447,0.05626694964412293,1971.0,16763.0,-6.997472478451282e-08,-5.6245873279984405e-05,0.0,39739.0,-5.146737930235003e-05,0.0,0
0.04814781649654931,0.05626694964412293,1972.0,16763.0,-2.0182852017958158e-07,-5.624587327997587e-05,0.0,39739.0,-5.146737930235003e-05,0.0,0
0.04814768595472112,0.05626694964412293,1973.0,16763.0,-3.3237034839248806e-07,-5.624587327996014e-05,0.0,39739.0,-5.146737930235003e-05,0.0,0
0.04814755671180578,0.05626694964412293,1974.0,16763.0,-4.6161326370688504e-07,-5.624587327998021e-05,0.0,39739.0,-5.146737930235003e-05,0.0,0
0.04814742875487897,0.05626694964412293,1975.0,16763.0,-5.895701905316289e-07,-5.6245873279960526e-05,0.0,39739.0,-5.146737930235003e-05,0.0,0
0.048147302071144836,0.05626694964412293,1976.0,16763.0,-7.162539246594224e-07,-5.624587327998052e-05,0.0,39739.0,-5.146737930235003e-05,0.0,0
0.048147176647934935,0.05626694964412293,1977.0,16763.0,-8.416771345700466e-07,-5.624587327995764e-05,0.0,39739.0,-5.146737930235003e-05,0.0,0
0.04814705247270679,0.05626694964412293,1978.0,16763.0,-9.658523626904472e-07,-5.6245873279974505e-05,0.0,39739.0,-5.146737930235003e-05,0.0,0
0.04814692953304286,0.05626694964412293,1979.0,16763.0,-1.0887920266512785e-06,-5.62458732799688e-05,0.0,39739.0,-5.146737930235003e-05,0.0,0
0.04814680781664899,0.05626694964412293,1980.0,16763.0,-1.2105084205104705e-06,-5.624587327996572e-05,0.0,39739.0,-5.146737930235003e-05,0.0,0
0.04814668731135348,0.05626694964412293,1981.0,16763.0,-1.3310137160195385e-06,-5.6245873279963704e-05,0.0,39739.0,-5.146737930235003e-05,0.0,0
0.048146568005105694,0.05626694964412293,1982.0,16763.0,-1.4503199638018886e-06,-5.624587327996912e-05,0.0,39739.0,-5.146737930235003e-05,0.0,0
0.048146449885974905,0.05626694964412293,1983.0,16763.0,-1.5684390945880181e-06,-5.6245873279969044e-05,0.0,39739.0,-5.146737930235003e-05,0.0,0
0.04814633294214911,0.05626694964412293,1984.0,16763.0,-1.6853829203819188e-06,-5.6245873279969626e-05,0.0,39739.0,-5.146737930235003e-05,0.0,0
0.048146217161933826,0.05626694964412293,1985.0,16763.0,-1.8011631356661387e-06,-5.6245873279978266e-05,0.0,39739.0,-5.146737930235003e-05,0.0,0
0.048146102533750935,0.05626694964412293,1986.0,16763.0,-1.9157913185666443e-06,-5.62458732799666e-05,0.0,39739.0,-5.146737930235003e-05,0.0,0
0.04814598904613751,0.05626694964412293,1987.0,16763.0,-2.0292789319840046e-06,-5.62458732799623e-05,0.0,39739.0,-5.146737930235003e-05,0.0,0
0.04814587668774472,0.05626694964412293,1988.0,16763.0,-2.141637324777024e-06,-5.62458732799755e-05,0.0,39739.0,-5.146737930235003e-05,0.0,0
0.048145765447336605,0.05626694964412293,1989.0,16763.0,-2.2528777328915583e-06,-5.624587327996548e-05,0.0,39739.0,-5.146737930235003e-05,0.0,0
0.04814565531378904,0.05626694964412293,1990.0,16763.0,-2.363011280442116e-06,-5.624587327997785e-05,0.0,39739.0,-5.146737930235003e-05,0.0,0
0.04814554627608859,0.05626694964412293,1991.0,16763.0,-2.47204898089246e-06,-5.6245873279985205e-05,0.0,39739.0,-5.146737930235003e-05,0.0,0
0.04814543832333141,0.05626694964412293,1992.0,16763.0,-2.580001738093217e-06,-5.6245873279966665e-05,0.0,39739.0,-5.146737930235003e-05,0.0,0
0.04814533144472209,0.05626694964412293,1993.0,16763.0,-2.686880347407792e-06,-5.6245873279962254e-05,0.0,39739.0,-5.146737930235003e-05,0.0,0
0.04814522562957269,0.05626694964412293,1994.0,16763.0,-2.792695496797824e-06,-5.624587327997681e-05,0.0,39739.0,-5.146737930235003e-05,0.0,0
0.04814512086730164,0.05626694964412293,1995.0,16763.0,-2.8974577678600133e-06,-5.6245873279978246e-05,0.0,39739.0,-5.146737930235003e-05,0.0,0
0.04814501714743259,0.05626694964412293,1996.0,16763.0,-3.001177636901501e-06,-5.624587327997438e-05,0.0,39739.0,-5.146737930235003e-05,0.0,0
0.04814491445959349,0.05626694964412293,1997.0,16763.0,-3.1038654760088186e-06,-5.6245873279960065e-05,0.0,39739.0,-5.146737930235003e-05,0.0,0
0.048144812793515464,0.05626694964412293,1998.0,16763.0,-3.205531554040647e-06,-5.624587327996817e-05,0.0,39739.0,-5.146737930235003e-05,0.0,0
0.04814471213903179,0.05626694964412293,1999.0,16763.0,-3.3061860376955355e-06,-5.624587327997805e-05,0.0,39739.0,-5.146737930235003e-05,0.0,0
0.048144612486076994,0.05626694964412293,2000.0,16763.0,-3.405838992504685e-06,-5.6245873279970257e-05,0.0,39739.0,-5.146737930235003e-05,0.0,0
0.04814451382468565,0.05626694964412293,2001.0,16763.0,-3.504500383849048e-06,-5.624587327997383e-05,0.0,39739.0,-5.146737930235003e-05,0.0,0
0.048144416144991556,0.05626694964412293,2002.0,16763.0,-3.602180077943471e-06,-5.624587327997676e-05,0.0,39739.0,-5.146737930235003e-05,0.0,0
0.048144319437226656,0.05626694964412293,2003.0,16763.0,-3.698887842842963e-06,-5.62458732799664e-05,0.0,39739.0,-5.146737930235003e-05,0.0,0
0.048144223691720084,0.05626694964412293,2004.0,16763.0,-3.7946333494019406e-06,-5.624587327998722e-05,0.0,39739.0,-5.146737930235003e-05,0.0,0
0.048144128898897236,0.05626694964412293,2005.0,16763.0,-3.889426172254104e-06,-5.6245873279977466e-05,0.0,39739.0,-5.146737930235003e-05,0.0,0
0.048144128898897236,0.05626694964412293,2005.0,16763.0,-3.889426172254104e-06,-5.6245873279977466e-05,0.0,39739.0,-5.146737930235003e-05,0.0,0
